534
2132.33 -2535.19 5.25 107.7
2129.91 -2527.57 5.25 107.7
10.0
10.0
2131.12 -2531.38 4.25
2116.25 -2536.12 4.25
2089.12 -2526.00 3.62
2089.50 -2520.38 3.62
2129.00 -2382.88 3.62
2167.38 -2253.25 3.62
2182.00 -2109.25 3.62
2213.75 -1951.62 3.62
2260.75 -1908.75 4.12
2264.75 -1909.75 4.00
2294.50 -1941.88 4.25
2293.62 -1948.88 4.25
2293.62 -1948.88 4.25
2264.75 -1909.75 4.00
2260.75 -1908.75 4.12
2230.25 -1877.62 3.38
2233.62 -1868.12 3.38
2306.62 -1727.50 3.38
2388.75 -1678.88 4.25
2393.62 -1681.25 4.25
2407.38 -1675.12 4.25
2412.50 -1663.88 4.25
2471.50 -1536.75 4.25
2465.88 -1482.62 4.25
2460.50 -1480.62 3.88
2411.00 -1493.38 3.38
2404.25 -1507.75 3.25
2389.00 -1515.12 3.25
2375.25 -1505.75 3.25
2337.88 -1425.38 3.25
2344.50 -1418.00 3.25
2335.12 -1415.38 3.50
2201.75 -1400.00 4.38
2069.50 -1397.38 4.62
1928.75 -1403.62 14.00
1790.25 -1428.12 4.62
1718.00 -1430.88 4.50
