598
-2236.00 2344.88 71.62 -180.0
-2244.00 2344.88 71.62 -180.0
10.0
10.0
-2240.00 2344.88 70.62
-2240.00 2323.62 66.62
-2240.00 2182.38 38.62
-2241.12 2101.75 33.62
-2244.38 2096.88 33.62
-2255.00 2092.38 33.62
-2279.38 2049.50 31.75
-2267.38 2046.38 30.38
-2150.75 1977.50 16.12
-2095.62 1878.38 4.75
-2066.25 1728.88 3.62
-1967.25 1615.75 3.62
-1850.00 1577.38 3.62
-1806.12 1586.75 3.62
-1805.00 1592.38 3.62
-1780.00 1742.38 3.62
-1820.00 1804.88 6.12
-1845.00 1792.38 8.62
-1960.00 1802.38 18.62
-1960.00 1827.38 18.62
-2014.88 1922.38 18.62
-2040.00 1922.38 21.00
-2095.00 1957.38 28.62
-2085.00 1957.38 28.62
-1950.00 1957.38 41.00
-1911.12 1983.12 43.62
-1914.38 1988.00 43.62
-1925.00 1992.38 43.62
-1930.00 2027.38 61.00
-1905.00 2027.38 63.50
-1770.00 2027.38 66.00
-1655.00 2092.38 68.62
-1642.50 2117.38 73.62
-1654.12 2171.75 79.00
-1667.00 2169.62 79.88
-1810.75 2166.38 84.88
-1949.75 2162.38 78.12
-2086.00 2155.50 63.75
-2225.00 2172.38 38.62
-2240.00 2162.50 38.62
-2240.00 2159.88 38.62
-2241.12 2101.75 33.62
-2244.38 2096.88 33.62
-2255.00 2092.38 33.62
-2298.75 2107.38 33.62
-2299.62 2110.75 33.62
-2339.50 2251.25 23.25
-2381.62 2260.62 23.38
-2381.62 2260.62 23.38
-2339.50 2251.25 23.25
-2299.25 2204.25 23.25
-2295.00 2173.12 23.38
-2296.50 2164.50 23.75
-2292.50 2092.38 33.62
-2280.00 2092.38 33.62
-2240.00 2132.38 36.00
-2240.00 2157.38 38.50
-2240.00 2294.88 60.75
-2266.88 2323.62 66.75
-2283.62 2323.62 67.25
-2452.88 2311.75 68.12
-2576.88 2216.62 68.12
-2613.12 2122.25 68.25
-2611.38 1970.12 68.50
-2590.00 1972.38 68.62
-2447.38 1972.12 58.62
-2442.25 1968.75 58.62
-2440.00 1962.38 58.62
-2375.00 1832.38 43.75
-2325.00 1707.38 36.12
-2260.00 1672.38 33.62
-2230.00 1682.38 33.62
-2238.75 1699.88 34.75
-2245.00 1712.38 33.62
