442
1027.83 -2305.03 6.00 -23.5
1035.17 -2308.21 6.00 -23.5
10.0
10.0
1031.50 -2306.62 5.00
1038.12 -2291.38 5.00
1091.75 -2158.75 5.12
1092.00 -2026.00 8.12
1035.75 -1931.38 8.12
939.62 -1827.88 6.25
877.12 -1706.12 5.12
816.38 -1588.25 4.88
821.12 -1546.88 4.88
837.00 -1545.25 4.88
978.75 -1526.38 4.38
1008.88 -1487.88 4.12
1005.75 -1463.38 4.12
1034.50 -1395.00 4.62
1049.00 -1393.75 4.62
1134.62 -1332.62 4.38
1134.75 -1317.25 4.38
1139.75 -1171.62 4.00
1163.12 -1040.12 4.00
1222.25 -923.00 4.00
1255.88 -791.38 4.00
1283.25 -657.62 4.00
1301.50 -660.50 4.38
1303.25 -651.25 4.38
1321.50 -511.75 4.38
1335.88 -375.12 4.38
1411.38 -285.50 4.25
1443.62 -280.75 4.25
1490.62 -228.25 4.25
1547.25 -93.50 4.25
1603.75 41.00 4.25
1660.25 175.62 0.50
1701.62 325.12 5.00
1680.25 388.88 5.00
1664.75 398.50 5.00
1603.75 398.62 5.00
1466.38 385.75 5.00
1328.38 373.25 5.00
1218.38 431.00 5.12
1228.50 432.00 5.38
1326.88 452.62 5.38
