463
1300.79 -2383.39 5.25 -21.8
1308.21 -2386.37 5.25 -21.8
10.0
10.0
1304.50 -2384.88 4.25
1311.25 -2368.00 4.25
1293.88 -2272.25 4.25
1239.62 -2148.12 4.50
1197.38 -2007.25 4.50
1199.12 -1871.50 4.12
1197.75 -1721.25 4.38
1185.62 -1587.88 4.38
1167.88 -1458.25 4.25
1154.38 -1316.25 4.38
1159.00 -1172.50 4.25
1182.50 -1038.25 4.38
1135.25 -923.25 4.00
1122.12 -920.75 4.00
1067.88 -869.75 2.75
1068.38 -864.12 2.62
1072.75 -861.38 2.62
1077.50 -866.50 2.62
1200.12 -915.50 6.38
1334.38 -923.25 17.25
1465.62 -922.88 19.62
1596.25 -915.75 19.62
1726.38 -901.75 19.62
1855.50 -881.12 19.50
1986.25 -825.88 12.50
2091.75 -740.62 12.50
2229.50 -704.25 7.75
2334.62 -627.50 5.12
2333.88 -617.38 5.25
2356.25 -478.38 4.88
2381.75 -338.12 4.88
2354.88 -279.38 4.50
2344.88 -278.62 4.50
2211.50 -290.50 4.25
2175.00 -272.38 4.25
2174.88 -269.50 4.25
2187.38 -246.62 4.25
2207.25 -235.00 4.25
2297.38 -136.62 4.25
2403.88 -108.12 4.88
2423.00 -76.50 4.62
2423.25 -64.00 4.62
2381.12 -2.62 9.12
2354.50 -0.38 12.00
2219.88 16.12 19.75
2093.62 59.50 4.25
1965.75 97.50 4.25
1833.50 131.12 8.12
1691.62 136.12 15.62
1557.00 139.25 4.25
1424.50 187.38 4.25
1292.50 232.38 4.00
1151.88 224.75 4.25
1142.50 208.38 4.12
1131.75 57.50 4.38
1128.50 -76.38 4.25
1126.75 -143.38 4.25
