421
-99.79 923.69 15.75 -135.2
-105.46 918.06 15.75 -135.2
10.0
10.0
-102.62 920.88 14.75
-85.00 903.12 14.75
-81.50 850.12 14.75
-99.12 832.50 14.75
-168.50 818.62 14.75
-179.50 824.50 14.75
-314.12 851.12 14.75
-449.12 851.12 27.12
-601.00 859.88 41.12
-734.12 859.88 42.88
-881.62 859.75 39.62
-1017.88 859.50 35.12
-1153.12 858.50 25.88
-1163.12 848.50 25.88
-1163.12 823.50 25.88
-1163.12 693.50 25.75
-1141.00 657.50 25.88
-1141.00 657.50 25.88
-1153.25 663.38 25.88
-1163.12 693.50 25.75
-1128.12 758.50 25.88
-1103.12 758.50 25.88
-1063.25 798.62 25.88
-1057.50 823.62 24.75
-1008.12 968.88 27.00
-948.00 1088.88 36.00
-887.88 1208.75 36.00
-827.50 1329.00 24.00
-787.12 1461.88 19.62
-805.50 1649.75 7.88
-853.00 1791.62 4.62
-937.62 1866.12 13.75
-1020.88 1882.25 15.75
-1153.12 1883.50 15.88
-1153.12 1883.50 15.88
-1178.12 1883.50 15.88
-1243.12 1836.00 15.88
-1243.12 1823.50 15.88
-1243.12 1673.62 15.88
-1243.12 1543.50 15.88
-1258.12 1513.50 15.88
-1263.12 1513.50 15.88
-1348.12 1453.50 15.88
-1348.12 1428.50 15.88
-1351.75 1356.50 16.88
-1358.12 1223.62 21.75
-1358.12 1198.62 23.75
-1358.12 1048.62 26.00
-1373.25 998.50 26.00
-1383.25 998.50 26.00
-1413.12 1033.50 25.88
-1413.12 1058.50 25.88
-1413.12 1191.00 25.88
-1373.12 1258.50 30.75
-1354.88 1254.12 32.25
-1333.12 1218.50 35.75
-1337.38 1200.38 37.25
-1360.75 1180.50 39.75
-1373.12 1178.50 41.00
-1507.75 1178.50 44.12
-1676.50 1178.38 44.88
-1830.00 1178.25 42.50
-1958.25 1201.25 34.50
-1979.88 1226.50 30.50
-1996.00 1317.12 18.75
-2017.25 1457.00 18.62
-2035.25 1479.50 18.62
-2168.62 1519.25 26.00
-2303.38 1522.75 33.62
-2312.12 1528.62 33.62
-2319.88 1547.50 33.62
-2325.00 1682.38 33.62
-2364.75 1812.38 43.62
-2427.38 1937.38 53.50
-2490.00 1972.38 58.62
-2611.38 1970.12 68.50
-2615.00 2002.38 68.75
-2601.38 2169.75 68.12
-2494.62 2293.62 68.12
-2410.12 2321.50 68.12
-2266.88 2323.62 66.75
-2240.00 2307.38 63.25
-2240.00 2294.88 60.75
-2240.00 2162.50 38.62
-2241.12 2101.75 33.62
-2244.38 2096.88 33.62
-2255.00 2092.38 33.62
-2279.38 2049.50 31.75
-2267.38 2046.38 30.38
-2176.62 2002.50 19.75
