605
186.86 -1263.78 9.12 -82.6
187.89 -1271.72 9.12 -82.6
10.0
10.0
187.38 -1267.75 8.12
192.25 -1267.12 8.12
324.88 -1267.00 8.12
459.62 -1267.12 8.12
611.75 -1267.00 4.75
652.62 -1300.00 1.75
652.62 -1310.25 1.12
652.50 -1362.62 1.12
652.62 -1378.62 1.12
652.50 -1432.12 1.12
652.62 -1440.62 1.12
652.50 -1450.38 1.12
652.50 -1460.50 1.12
644.12 -1508.88 1.12
630.00 -1508.88 1.12
469.62 -1509.50 1.12
335.00 -1508.75 1.12
208.38 -1543.12 1.25
208.38 -1555.88 1.75
208.38 -1555.88 1.75
208.38 -1568.50 2.88
251.62 -1641.00 8.12
273.12 -1641.00 8.12
416.75 -1640.75 8.12
552.12 -1640.62 8.12
694.88 -1640.75 8.12
741.88 -1681.25 8.12
741.88 -1681.25 8.12
742.00 -1530.38 4.12
725.38 -1509.38 3.25
720.38 -1508.75 2.88
652.50 -1450.38 1.12
652.62 -1440.62 1.12
652.62 -1310.25 1.12
611.75 -1267.00 4.75
574.38 -1267.12 5.75
438.00 -1267.00 8.12
300.75 -1267.00 8.12
171.25 -1283.75 8.12
170.75 -1288.75 8.12
170.75 -1301.62 8.12
170.75 -1322.25 8.12
