545
1022.57 -2355.82 6.00 -117.0
1018.93 -2362.94 6.00 -117.0
10.0
10.0
1020.75 -2359.38 5.00
1053.38 -2376.00 5.12
1177.12 -2425.75 5.00
1298.75 -2407.62 4.25
1300.62 -2396.75 4.25
1285.62 -2254.12 4.25
1232.75 -2130.38 4.38
1196.12 -1998.12 4.50
1231.12 -1873.88 4.00
1256.12 -1875.38 4.25
1387.50 -1881.25 12.88
1536.62 -1883.00 19.88
1688.12 -1886.75 11.75
1825.88 -1873.75 4.88
1960.50 -1822.75 3.75
2098.25 -1785.88 3.75
2106.50 -1775.38 3.75
2162.50 -1652.00 3.75
2168.25 -1653.75 3.75
2235.50 -1636.25 3.62
2236.75 -1626.12 3.62
2289.25 -1495.62 3.25
2375.50 -1387.88 3.25
2461.25 -1266.25 3.38
2482.50 -1132.00 5.00
2516.38 -995.00 4.25
2508.12 -973.38 4.25
2503.00 -812.88 4.25
2500.00 -669.25 4.25
2526.00 -535.00 4.25
2536.88 -393.62 4.25
2508.50 -349.25 4.50
2497.62 -349.38 4.50
2469.75 -322.88 4.62
2469.12 -305.12 4.25
2459.88 -290.88 4.25
2443.88 -288.12 4.25
2418.62 -253.62 4.62
2419.12 -235.38 4.62
2422.50 -98.25 5.00
2354.50 -0.38 12.00
2335.12 0.38 12.25
2191.88 25.00 17.75
2063.88 70.62 4.50
1919.50 111.00 4.25
1790.62 134.25 12.25
1651.62 136.00 13.12
1517.75 144.75 4.25
1399.75 204.50 4.25
1262.00 231.38 4.00
1170.00 225.88 4.25
