580
1648.04 398.14 6.00 94.1
1647.46 406.11 6.00 94.1
10.0
10.0
1647.75 402.12 5.00
1632.12 401.00 5.00
1498.12 388.62 5.00
1358.62 376.00 5.00
1228.12 366.25 5.00
1226.38 368.88 5.00
1228.50 432.00 5.38
1252.75 434.88 5.38
1322.62 494.25 5.38
1320.75 509.25 5.38
1271.38 533.62 5.50
1246.75 530.75 5.50
1117.00 511.38 5.12
1115.88 508.50 5.25
1118.62 480.75 5.12
1132.38 344.88 4.62
1142.50 208.38 4.12
1138.25 183.00 4.25
1131.50 49.00 4.38
1127.62 -109.88 4.25
1128.25 -166.75 4.25
1144.38 -188.75 4.25
1153.50 -190.75 4.25
1317.88 -200.88 4.38
1327.25 -211.38 4.38
1326.25 -233.75 4.25
1318.25 -374.12 4.50
1302.62 -511.25 4.50
1285.75 -643.38 4.38
1254.88 -652.88 4.50
1152.50 -739.38 2.62
1025.62 -780.38 3.38
929.25 -874.62 4.62
929.38 -879.62 4.62
932.25 -1017.75 4.62
922.12 -1017.88 4.88
814.00 -1102.00 4.88
811.88 -1140.12 4.88
812.50 -1166.12 4.88
826.00 -1299.12 4.00
815.88 -1300.00 4.12
792.88 -1328.62 4.12
795.38 -1352.50 4.12
795.38 -1352.50 4.12
835.88 -1297.88 3.62
847.75 -1296.75 4.12
978.12 -1283.62 4.12
983.25 -1286.62 4.12
985.88 -1292.25 4.12
1074.62 -1391.62 4.75
1085.75 -1390.50 4.75
1141.62 -1423.12 4.38
1143.38 -1432.25 4.38
1174.62 -1466.00 4.00
1193.25 -1462.00 4.50
1346.50 -1438.50 4.50
1506.38 -1436.50 4.50
1646.62 -1433.00 4.50
1781.00 -1428.50 4.62
1916.88 -1405.12 13.38
2047.00 -1396.88 5.62
2182.12 -1399.12 4.25
2283.38 -1407.75 9.12
