555
-934.70 264.82 16.88 66.8
-931.55 272.18 16.88 66.8
10.0
10.0
-933.12 268.50 15.88
-943.12 283.50 15.88
-943.12 288.50 15.88
-943.12 418.50 26.00
-943.12 559.75 26.00
-953.12 563.50 25.88
-1043.12 673.38 25.88
-1043.12 713.50 25.88
-1031.88 848.62 23.62
-973.38 998.88 30.00
-898.00 1148.88 36.00
-837.75 1268.75 30.00
-778.12 1388.50 20.88
-785.88 1398.25 20.88
-783.12 1408.50 20.88
-796.88 1589.62 11.88
-832.25 1748.00 4.00
-915.25 1855.88 12.50
-972.50 1876.12 15.00
-1103.00 1883.50 15.88
-1243.12 1883.50 15.88
-1243.12 1868.50 15.88
-1243.12 1733.50 15.88
-1243.12 1593.50 15.88
-1258.12 1513.50 15.88
-1263.12 1513.50 15.88
-1348.12 1453.50 15.88
-1348.12 1428.50 15.88
-1351.75 1356.50 16.88
-1358.12 1223.62 21.75
-1358.12 1198.62 23.75
-1358.12 1048.62 26.00
-1373.25 998.50 26.00
-1383.25 998.50 26.00
-1413.12 1033.50 25.88
-1413.12 1058.50 25.88
-1413.12 1191.00 25.88
-1373.12 1258.50 30.75
-1354.88 1254.12 32.25
-1333.12 1218.50 35.75
-1337.38 1200.38 37.25
-1360.75 1180.50 39.75
-1373.12 1178.50 41.00
-1507.75 1178.50 44.12
-1676.50 1178.38 44.88
-1830.00 1178.25 42.50
-1958.25 1201.25 34.50
-1979.88 1226.50 30.50
-1996.00 1317.12 18.75
-2017.25 1457.00 18.62
-2035.25 1479.50 18.62
-2168.62 1519.25 26.00
-2303.38 1522.75 33.62
-2312.12 1528.62 33.62
-2319.88 1547.50 33.62
-2325.00 1682.38 33.62
-2364.75 1812.38 43.62
-2427.38 1937.38 53.50
-2490.00 1972.38 58.62
-2611.38 1970.12 68.50
-2615.00 2002.38 68.75
-2601.38 2169.75 68.12
-2494.62 2293.62 68.12
-2410.12 2321.50 68.12
-2266.88 2323.62 66.75
-2240.00 2307.38 63.25
-2240.00 2294.88 60.75
-2240.00 2162.50 38.62
-2241.12 2101.75 33.62
-2244.38 2096.88 33.62
-2255.00 2092.38 33.62
-2279.38 2049.50 31.75
-2267.38 2046.38 30.38
-2150.75 1977.50 16.12
-2095.62 1878.38 4.75
-2095.62 1878.38 4.75
-2168.50 1995.25 18.62
-2267.38 2046.38 30.38
-2292.50 2092.38 33.62
-2280.00 2092.38 33.62
-2240.00 2132.38 36.00
-2240.00 2157.38 38.50
-2240.00 2294.88 60.75
-2240.00 2344.88 70.62
