491
-496.76 778.85 5.75 61.9
-492.99 785.90 5.75 61.9
10.0
10.0
-494.88 782.38 4.75
-534.12 928.62 13.75
-534.12 1066.12 14.88
-534.12 1204.38 14.75
-534.12 1336.12 14.75
-534.12 1481.12 7.25
-534.12 1623.62 -3.88
-470.50 1714.75 -4.50
-420.50 1714.75 -0.12
-299.12 1776.12 9.62
-299.12 1801.12 12.25
-345.00 1933.62 3.12
-360.25 1946.38 0.00
-494.12 1975.00 -15.00
-642.75 1974.75 -20.00
-771.12 1945.75 -19.25
-778.38 1938.62 -20.00
-788.12 1885.88 -20.00
-779.75 1873.38 -20.00
-758.38 1736.00 -20.00
-758.62 1653.88 -20.00
-794.12 1597.50 -20.00
-847.50 1571.38 -20.00
-906.75 1575.50 -20.00
-956.00 1608.75 -20.00
-1031.62 1754.62 -2.75
-1088.12 1883.50 15.75
-1098.00 1883.50 15.75
-1228.12 1883.50 15.88
-1243.12 1868.50 15.88
-1243.12 1858.50 15.88
-1243.12 1709.50 15.88
-1243.12 1573.50 15.88
-1258.12 1513.50 15.88
-1263.12 1513.50 15.88
-1348.12 1453.50 15.88
-1348.12 1428.50 15.88
-1351.75 1356.50 16.88
-1358.12 1223.62 21.75
-1358.12 1198.62 23.75
-1358.12 1048.62 26.00
-1373.25 998.50 26.00
-1383.25 998.50 26.00
-1413.12 1033.50 25.88
-1413.12 1058.50 25.88
-1413.12 1191.00 25.88
-1373.12 1258.50 30.75
-1354.88 1254.12 32.25
-1333.12 1218.50 35.75
-1337.38 1200.38 37.25
-1360.75 1180.50 39.75
-1373.12 1178.50 41.00
-1507.75 1178.50 44.12
-1676.50 1178.38 44.88
-1830.00 1178.25 42.50
-1958.25 1201.25 34.50
-1979.88 1226.50 30.50
-1996.00 1317.12 18.75
-2025.62 1451.38 18.62
-2059.50 1486.62 18.62
-2059.50 1486.62 18.62
-2073.62 1495.00 18.62
-2210.12 1509.62 32.38
-2329.88 1572.62 33.62
-2325.00 1582.38 33.62
-2325.00 1732.38 38.62
-2387.50 1857.38 46.12
-2447.38 1972.12 58.62
-2465.00 1972.38 58.62
-2611.38 1970.12 68.50
-2615.00 2002.38 68.75
-2601.38 2169.75 68.12
-2494.62 2293.62 68.12
-2410.12 2321.50 68.12
-2266.88 2323.62 66.75
-2240.00 2344.88 70.62
