602
2516.50 317.02 11.38 -147.6
2509.74 312.73 11.38 -147.6
10.0
10.0
2513.12 314.88 10.38
2518.75 306.00 10.00
2518.75 267.75 10.25
2516.88 254.88 10.00
2498.88 112.50 11.38
2502.38 91.00 11.38
2547.88 -38.12 8.62
2547.88 -184.88 4.25
2547.12 -195.00 4.62
2534.25 -339.25 4.25
2534.38 -348.75 4.25
2535.50 -479.38 4.25
2532.25 -501.50 4.25
2505.88 -630.38 4.25
2503.00 -768.75 4.25
2503.62 -778.00 4.25
2503.00 -812.88 4.25
2500.88 -955.75 4.25
2508.12 -973.38 4.25
2506.75 -1053.75 4.00
2487.25 -1054.25 4.00
2482.75 -1059.12 4.00
2480.00 -1077.25 3.38
2482.25 -1090.12 3.38
2482.12 -1145.75 5.62
2456.50 -1286.38 3.38
2363.00 -1399.38 3.25
2278.75 -1512.25 3.25
2235.50 -1636.25 3.62
2172.38 -1765.62 3.62
2091.50 -1886.88 3.62
2080.25 -2016.88 3.75
2081.75 -2039.88 3.75
2081.50 -2137.00 3.75
2060.62 -2275.62 3.75
2002.25 -2409.00 3.75
1937.12 -2524.00 -5.50
1943.12 -2511.75 3.75
1956.75 -2354.25 3.75
1964.75 -2221.50 3.75
1939.88 -2087.88 3.75
1912.12 -1949.38 3.75
1825.88 -1873.75 4.88
1803.12 -1880.38 5.88
1665.25 -1885.38 13.12
1493.12 -1881.38 19.50
1340.50 -1880.50 9.38
1208.88 -1872.25 4.00
1200.00 -1861.12 4.25
1200.75 -1842.62 4.38
1195.88 -1694.38 4.38
1182.62 -1562.62 4.38
1162.75 -1431.38 4.38
1154.88 -1299.25 4.38
1159.50 -1154.50 4.25
1190.50 -1022.75 4.38
1235.62 -889.88 4.00
1262.25 -761.12 4.00
1288.38 -630.75 4.38
1306.25 -484.12 4.50
1320.75 -344.38 4.50
1327.25 -211.38 4.38
1317.88 -200.88 4.38
1282.62 -198.50 4.25
1144.38 -188.75 4.25
1136.88 -183.62 4.25
1126.75 -143.38 4.25
1130.12 -9.38 4.25
1133.38 124.62 4.25
1196.50 227.25 4.50
1213.25 228.25 4.50
1343.38 233.12 4.25
1411.75 196.00 4.25
1536.38 141.62 4.25
1676.50 136.12 15.38
1819.88 132.25 9.50
1952.00 101.50 4.25
2080.12 65.50 4.50
2219.88 16.12 19.75
2354.50 -0.38 12.00
2420.50 -50.50 4.75
2422.12 -58.50 4.62
2436.50 -54.50 4.75
2519.88 30.62 11.38
2516.62 40.12 11.38
2498.75 174.50 10.12
2518.75 306.00 10.00
2513.12 314.88 10.38
2491.50 326.12 11.12
2452.75 331.12 10.75
