228.115264 2975.247558 1.167628
82.153541 2973.812255 1.172578
-75.413108 2976.590332 1.169735
-413.801025 2974.292724 1.176229
-582.648803 2973.405517 1.172174
-944.968933 2975.056640 1.170592
-1323.896240 2975.293945 1.168018
-1631.507324 2977.643310 1.166067
-1993.403076 2979.032714 1.172587
-2242.198730 2981.615234 2.710457
-2364.428466 2984.171142 0.691657
-2447.700195 2986.224365 0.808070
-2655.092529 2988.342773 0.599429
-2764.829345 2985.127929 0.398822
-2850.534912 2984.683593 1.812780
-2893.934082 2982.014404 0.470935
-2915.376464 2984.059326 0.090409
