-2650.063964 -64.646247 10.555823
-2467.161376 -115.921043 11.499130
-2370.919921 -166.803848 16.387279
-2286.148925 -283.226776 20.298873
-2244.765625 -359.700103 21.805124
-2138.487548 -392.394073 25.105520
-1962.043823 -368.527069 35.894809
-1671.028564 -249.845443 51.363464
-1681.942016 -454.668548 54.594978
-1786.697753 -711.003295 54.269142
-1871.081909 -832.861999 53.882331
-1946.073242 -990.091857 46.533641
-1964.452392 -1187.549072 48.330844
-1933.156127 -1247.097656 48.518722
-1820.302001 -1338.383666 46.660404
-1732.696411 -1394.898681 45.927894
-1560.883544 -1401.985473 56.939025
-1408.496704 -1405.197875 59.724765
-1269.158935 -1437.974609 59.285022
-1095.426635 -1534.474365 51.858428
-943.680358 -1647.570434 42.077285
-869.536987 -1664.815185 39.803745
-736.812988 -1751.847412 39.690849
-678.479797 -1687.051147 40.443332
-605.783935 -1543.720703 40.578956
-461.786560 -1625.638549 40.601871
-499.591918 -1688.019409 40.608036
-556.981384 -1796.302490 40.607769
-730.674194 -2180.589599 40.607646
-731.646728 -2367.524658 38.537322
