2464.544921 -1906.938598 21.442378
2464.562011 -2126.020996 21.439111
2464.815917 -2508.269531 21.395252
2471.651855 -2661.635253 24.755449
2570.521484 -2686.175292 24.931434
2601.290283 -2516.552246 21.922462
2616.934326 -2437.786865 21.421777
2683.015625 -2453.757324 21.357059
2747.152587 -2455.159667 21.408853
2779.806152 -2391.579345 21.483751
2789.360595 -2162.560546 18.446741
2719.413330 -2152.278808 21.400753
2710.810546 -1994.400390 35.333026
2280.291992 -1753.579223 21.439302
2116.300537 -1755.464477 18.494369
2112.650146 -1829.335327 18.445362
2131.658447 -1841.781127 18.445669
2171.555908 -1847.654907 18.436653
2144.364501 -1826.079589 18.443883
2093.481201 -1927.366333 18.438068
2117.090576 -2015.763305 18.436897
2172.626953 -1965.610473 18.437604
2106.902343 -1926.731323 18.437021
2096.512207 -2007.425781 18.436882
2144.692138 -2019.571777 18.437498
2236.799560 -1939.162841 18.434650
