1883.034667 1722.026489 15.798618
1957.455932 1722.817138 16.312297
1963.888549 1889.047241 15.812544
1959.988037 2043.679443 16.161262
1891.948730 2057.140380 16.203302
1887.553466 2298.450439 16.247364
1749.814697 2519.668212 16.258554
1881.496093 2636.920654 15.534053
2064.311035 2884.984863 13.767771
2072.155517 2957.363037 12.646086
1776.953735 2959.935791 12.295378
1414.023559 2956.051513 12.295583
1301.137084 2830.512939 12.655044
1195.634521 2777.502929 12.295188
679.888122 2472.013427 12.295456
474.752319 2098.599609 11.785143
439.843322 1969.080688 7.565283
391.044250 1834.856445 12.251228
337.120513 1683.492309 12.291996
320.710235 1493.448608 12.297474
