2747.179443 -730.697692 23.618625
2810.831787 -656.382873 18.862174
2885.757324 -718.695739 12.971074
2840.821777 -780.556884 12.264914
2696.532958 -796.094848 12.102771
2611.444824 -853.539123 12.830218
2672.937500 -931.613952 17.878498
2747.093994 -887.543334 23.605361
2816.284667 -931.845947 18.301904
2884.239501 -861.591186 12.814986
2820.396240 -794.089050 12.142143
2672.933349 -785.334960 11.977815
2611.512695 -727.807434 12.815271
2666.941162 -655.892456 17.244194
2744.160400 -704.015319 23.556974
2778.198730 -673.109924 22.746068
2869.238525 -678.958923 13.834556
2856.880371 -770.001586 12.290373
2738.690917 -794.121643 12.147739
2658.521240 -804.483093 12.092414
2610.714599 -864.518249 12.899866
2736.482666 -975.285095 23.285396
2747.711914 -1134.306640 23.186408
