-2651.520996 -64.075820 10.702274
-2512.257812 -105.125457 12.642982
-2413.206787 -134.141357 14.726720
-2327.452880 -213.842468 19.262609
-2293.206787 -266.605682 20.308498
-2247.758789 -210.953277 23.541242
-2240.775634 -198.088760 24.174879
-2195.950439 -206.926101 24.253284
-2185.624023 -170.866760 25.471565
-2101.743896 -182.463607 25.659242
-2082.941406 -89.296722 26.059906
-2298.351074 -47.064212 24.333860
-2249.820068 218.028930 24.271291
-2377.968750 235.519973 19.580249
-2387.584716 157.865142 20.921785
-2400.496826 64.820648 20.934801
-2539.950439 89.846580 17.921840
-2551.470947 54.357177 17.934986
-2410.971923 25.217138 20.768709
