-2367.183349 2508.727539 42.721767
-2239.270507 2518.998535 35.481712
-1834.339965 2496.685302 48.591003
-1623.099487 2497.322021 42.553180
-1458.455932 2381.135742 45.801002
-1343.782958 2033.024047 10.317808
-1234.535766 1649.700805 35.255722
-797.378173 1482.868530 22.411464
-688.723510 1305.606811 20.521697
-406.333892 1213.599609 15.726086
-378.478698 971.562500 11.771883
-241.178512 969.947265 11.772258
214.582061 801.199279 11.779109
260.727478 916.477905 11.770051
287.446533 1159.405761 11.770407
457.805633 1141.481811 11.771284
454.455139 1078.449951 11.771204
378.137817 1083.889648 11.770501
