869.446777 -822.686096 38.317047
859.794738 -869.000122 38.325828
829.164489 -928.083984 37.548236
783.816040 -991.028930 35.073791
713.646789 -1073.637939 32.336418
698.569213 -1126.595703 31.994367
654.969055 -1119.539062 35.628890
571.946594 -1091.855834 31.642297
549.219482 -1053.231201 29.372673
509.572265 -1035.369995 33.236858
492.074462 -1019.648742 33.773551
466.979827 -1018.882446 34.129383
433.849975 -960.645751 34.857048
413.200714 -946.124084 35.702983
362.817535 -960.470458 34.763187
297.334197 -983.073059 36.521068
246.617446 -993.076599 40.144069
197.792144 -1008.824157 39.947044
183.929840 -1015.802551 39.944484
