-165.092071 -1136.442749 40.752597
-53.087673 -1056.615844 40.752090
504.103515 -882.895690 34.406082
1068.918945 -705.410339 41.232440
1374.289916 -614.131408 41.179946
1474.127441 -643.316528 41.179294
1682.082763 -778.848693 39.096817
1727.141479 -931.584411 15.261275
1747.696044 -993.533081 12.183949
1557.960449 -1034.801635 10.047942
1345.873535 -1296.426269 17.691844
1379.667114 -1507.942016 27.242250
1272.263916 -1618.464843 29.577457
1073.435668 -1946.998779 34.524600
872.846496 -2238.445556 38.349929
866.507690 -2383.292968 39.466102
872.651184 -2502.565185 40.657089
929.024536 -2576.621826 37.394985
1299.693481 -2579.264892 35.399963
1622.466674 -2578.506835 21.975467
1639.253417 -2670.310791 22.112653
2062.867187 -2685.488037 10.917089
2589.358886 -2681.892822 25.173578
2592.570556 -2435.078125 21.567991
2542.622558 -2433.599365 21.776468
