1439.796142 -1133.044799 11.159440
1461.722290 -1212.337158 11.496372
1439.686279 -1330.043945 11.470412
1430.323852 -1556.823486 14.086585
1329.613281 -1648.772583 19.074239
1205.583007 -1794.741088 22.081865
1135.922607 -1933.740112 12.803524
1083.709838 -2118.379394 12.626427
989.394531 -2229.681152 9.964661
956.318359 -2397.515380 16.721891
965.785461 -2513.487304 11.641983
974.457275 -2612.807128 7.291096
921.302551 -2679.050048 13.019457
855.914245 -2699.885498 17.933757
785.948303 -2710.707763 23.838760
649.840087 -2723.846923 30.011039
575.349548 -2714.334472 23.843727
474.521514 -2761.756835 20.655652
390.127197 -2737.250488 21.878845
348.620574 -2708.940917 24.178504
310.908416 -2646.349365 23.244743
