-2542.090820 2864.761718 37.286846
-2548.857666 2925.460449 37.062778
-2375.019287 2927.098388 37.060836
-2374.105712 2533.848632 42.305320
-2271.113281 2528.705078 37.488018
-1884.958496 2490.064941 45.499355
-1608.128051 2490.764404 42.412513
-1422.951782 2331.104736 45.476276
-1304.466796 1883.397583 41.847152
-1238.447143 1657.884643 35.115489
-970.204711 1542.652465 30.040365
-771.378234 1463.419433 22.271919
-693.214172 1308.013427 20.380987
-404.348327 1213.682983 15.487359
-379.020080 971.293273 11.631367
-379.283447 612.000122 11.630550
