2494.422607 -1521.834838 24.037092
2356.366455 -1526.231689 23.452270
2285.143066 -1691.541503 21.447675
2285.848144 -1749.509033 21.443862
2285.656005 -1869.503417 21.443826
2284.343505 -1995.251708 21.533245
2247.342041 -2051.953857 21.443809
2235.187744 -2150.928955 21.443769
2223.462158 -2244.844970 21.395143
1952.359008 -2255.229980 10.579668
1806.847167 -2257.511962 10.442882
1941.257934 -2605.784912 10.446617
1940.634277 -2685.756103 10.893342
1649.295043 -2683.625244 21.959236
1638.931396 -2656.728027 21.833442
1634.000732 -2590.032226 21.826923
1397.031738 -2578.155273 31.049097
930.216247 -2578.864013 37.179504
