2735.956787 -1483.451416 23.267316
2759.748535 -1523.513427 18.603851
2755.644042 -1619.616088 22.135864
2750.374511 -1718.673461 22.584363
2755.629394 -1826.908203 23.037435
2755.001708 -1968.235107 22.844114
2754.898193 -2115.732666 21.890537
2737.613525 -2171.504638 21.603008
2741.120117 -2241.161132 17.655555
2753.728271 -2300.552734 17.632640
2764.919189 -2368.543457 21.573005
2764.668701 -2451.567138 21.466871
2789.678710 -2496.583496 21.378202
2730.996826 -2573.988769 21.374748
2709.842773 -2677.764404 24.464784
2555.220458 -2685.578125 25.016149
2458.125000 -2681.185302 25.059816
2465.137695 -2566.672119 21.472631
2369.624511 -2564.939453 21.485509
2285.053710 -2566.040527 21.489936
2207.696777 -2488.130615 21.452135
2436.218750 -2485.099365 21.453664
