711.942443 -2108.627685 34.063095
756.529968 -2152.953613 37.887416
664.161315 -2282.878662 36.260303
716.158325 -2410.427246 36.192581
708.174316 -2514.655761 36.150444
562.692077 -2567.561523 26.001415
252.999740 -2645.402099 21.162887
170.875106 -2710.720947 21.069316
19.731084 -2681.215576 28.830699
-2.065912 -2667.265869 34.879524
-17.435554 -2677.859863 38.726490
-13.039423 -2704.725097 39.554172
-34.028774 -2711.713378 37.020515
-45.996025 -2698.386962 35.003456
-165.444458 -2736.702148 39.552459
-242.767929 -2759.818847 29.905786
-286.772735 -2753.820800 29.808526
-419.971191 -2646.957519 30.400312
-519.400329 -2628.750000 28.785757
-602.769531 -2635.746337 27.936492
-799.897460 -2777.489013 23.558826
-989.309692 -2747.640380 19.416753
-1159.707763 -2626.497802 17.491321
-1269.444335 -2573.595947 9.862908
-1432.887207 -2565.620605 5.356864
-1620.562866 -2468.709960 7.550973
