2253.393798 -1706.408569 22.339300
2130.317626 -1605.758789 29.606573
2045.911865 -1535.199218 54.686912
1983.722656 -1497.309692 62.246364
1940.759643 -1498.933227 80.184318
1874.476318 -1530.884887 89.561843
1827.429321 -1606.858276 97.010314
1798.045776 -1744.222778 94.222328
1674.993408 -1882.761108 92.910202
1603.491088 -1933.717041 92.902809
1464.904907 -2062.334472 89.076744
1357.284545 -2270.533691 94.927421
1353.048706 -2415.851318 98.503608
1368.583129 -2532.430908 99.455619
1369.214233 -2587.346435 94.277114
1438.542358 -2648.401855 53.045242
1605.949340 -2729.859130 11.952198
1847.843139 -2726.682617 11.687186
1983.266723 -2730.986572 10.755415
2163.998779 -2712.829589 21.498573
2287.112304 -2707.187255 23.884862
