2424.494140 378.946197 29.253419
2218.130859 409.989990 18.869722
2023.464477 474.062774 13.772824
1930.242553 544.461059 13.792346
1865.763305 629.611938 15.426080
1825.692260 720.857116 15.026996
1811.486938 782.695983 13.355049
1803.594360 851.854309 13.660509
1802.516113 901.784790 16.620561
1803.085449 932.921569 15.113682
1801.571411 978.737304 12.906710
1807.055297 1020.268554 16.717702
1794.545166 1103.685058 10.036224
1793.267578 1151.550903 9.608816
1794.097167 1237.725830 9.514052
1796.721191 1319.937744 9.507230
