2609.888427 -2283.063964 21.505884
2605.561523 -2475.110595 21.514104
2534.185058 -2471.534179 21.520639
2515.107910 -2555.597167 21.524608
2369.574462 -2565.539794 21.490436
2254.223144 -2563.844726 21.489706
2179.866943 -2563.134521 18.190046
2142.481933 -2594.488525 13.232552
2081.287841 -2556.938964 9.871333
1981.115112 -2561.783935 10.480727
1950.645629 -2583.370361 9.089035
1856.645629 -2582.349121 10.501474
1815.739501 -2576.277587 10.552104
1812.639526 -2403.608398 10.510528
1740.120849 -2398.036132 10.510298
1736.267944 -2310.644287 10.510959
1817.049560 -2306.873779 10.520146
1805.000732 -2263.501708 10.521635
1955.801757 -2255.484863 10.741059
1954.874389 -2193.873779 13.492855
1964.015747 -2131.209228 20.297801
1991.103515 -2121.419189 21.616163
1907.890014 -2024.592285 25.942491
1869.786254 -2024.497802 31.185342
1867.816040 -1962.374511 31.486639
1950.616943 -1960.798095 31.547054
1952.961547 -1907.779174 31.546977
1997.217407 -1925.983886 31.696886
