1948.373291 1889.845458 14.933200
1876.470947 1894.833374 12.762346
1890.596679 1960.005493 13.518948
1890.352050 2011.060668 13.135934
1907.097412 2011.774291 13.600807
1904.456298 2053.095214 15.392675
1774.534667 2058.004638 15.507108
1770.319458 2239.695068 15.436700
1761.381713 2263.631835 15.433321
1725.169067 2268.255615 15.432683
1724.242553 2311.660400 15.405244
1848.172485 2314.115234 14.847554
1846.255981 2373.840087 15.527667
1854.244262 2383.513916 15.296520
1811.053955 2454.539794 15.313959
1784.057373 2466.982421 15.523542
1827.330078 2495.198486 15.238878
