-2503.677490 -1368.314697 9.796053
-2369.805419 -1564.523193 7.558930
-2107.689941 -1953.279541 9.398422
-2009.618652 -2083.798339 9.360077
-1801.772338 -2203.415283 28.607955
-1530.383056 -2394.056640 28.539939
-1258.216064 -2478.399658 28.375400
-955.209045 -2414.982666 31.878217
-790.107360 -2370.290039 37.911502
-728.442504 -2364.625488 38.902408
-589.524108 -2315.468261 37.624469
-461.041503 -2238.777587 36.807132
-376.567108 -2165.020019 36.264526
-283.558807 -2065.298095 37.678695
-204.561920 -1981.319824 35.483467
-138.244003 -1942.269775 32.969078
-126.642448 -1877.648193 31.847352
-115.782814 -1745.089233 37.133811
-166.409942 -1584.070312 40.491115
-106.542312 -1453.228271 40.618167
-123.904014 -1367.499755 40.898780
-276.309173 -1315.808837 40.748367
