-67.914482 1371.578247 14.890110
-63.007888 1480.108276 11.970026
-96.850318 1492.369140 14.698627
-155.012145 1402.513427 16.306819
-150.705581 1329.582397 11.747944
-123.490272 1341.670532 11.091467
-87.107368 1371.623291 15.180635
-111.973594 1417.507324 9.936170
-149.501968 1430.037719 15.667113
-153.998794 1387.607055 16.396060
-141.464492 1284.882202 14.577082
-119.026657 1273.084350 13.369101
-110.185943 1317.561889 10.392395
-116.923431 1382.391967 7.871039
-106.012641 1441.477661 9.526625
-99.193443 1484.707397 14.719989
-64.957359 1484.493164 12.022990
-53.599933 1439.186401 14.027277
-61.319664 1403.865966 11.401511
-72.611549 1350.993286 11.770748
