1648.518432 -766.520141 39.051856
1679.174804 -803.370605 35.521121
1705.469482 -860.666076 28.582212
1705.450927 -926.558837 14.296725
1723.595092 -982.745422 9.516585
1643.537475 -997.323669 8.507537
1547.622680 -1017.421752 7.702466
1468.007202 -1072.626586 7.961922
1425.430664 -1102.120117 9.254257
1332.068115 -1248.324951 12.610030
1320.566528 -1346.912841 17.894298
1355.783813 -1494.130371 23.948284
1345.659423 -1532.452758 25.132411
1225.864868 -1628.433349 27.414287
1147.340087 -1759.996582 28.726457
1067.738159 -1915.034179 32.104328
1040.626953 -1954.018676 32.903728
940.360900 -2054.731445 33.912139
876.896972 -2165.179199 35.822719
842.261901 -2305.062500 37.557861
831.075073 -2424.896240 38.504646
813.416992 -2509.047607 39.320423
802.967590 -2519.598632 39.024105
