1760.480224 1550.637817 14.276669
1540.962402 1550.208862 15.362565
1231.146362 1550.107910 15.442895
1218.138427 1625.449707 14.944143
1507.302124 1638.478637 15.134178
1766.598632 1638.326904 15.144132
1859.356933 1638.459960 14.939817
1773.372924 1683.462524 14.909804
1521.324707 1683.343872 14.953928
1409.740844 1670.276367 16.315849
1312.063110 1639.603881 15.070859
1236.121093 1633.190551 14.912569
1230.114257 1554.444946 15.434720
1670.350463 1550.496337 14.688562
1955.912231 1550.105102 14.886200
