604
-2240.00 2319.62 67.62 90.0
-2240.00 2327.62 67.62 90.0
10.0
10.0
-2240.00 2323.62 66.62
-2255.00 2323.62 66.62
-2410.12 2321.50 68.12
-2542.88 2257.75 68.12
-2601.38 2169.75 68.12
-2615.38 2039.75 68.75
-2615.00 2002.38 68.75
-2590.00 1972.38 68.62
-2565.00 1972.38 66.12
-2427.38 1937.38 53.50
-2415.00 1912.38 48.62
-2392.50 1897.50 48.62
-2383.12 1899.25 48.62
-2262.50 1958.62 48.62
-2137.50 2021.12 48.62
-2137.50 2021.12 48.62
-2150.00 2014.88 48.62
-2275.00 1952.38 48.62
-2397.50 1897.50 48.62
-2515.00 1822.38 58.62
-2515.00 1812.38 58.62
-2530.00 1812.38 58.62
-2615.00 1872.38 68.62
-2615.00 1877.38 68.62
-2615.88 2020.38 68.75
-2601.38 2169.75 68.12
-2494.62 2293.62 68.12
-2410.12 2321.50 68.12
-2300.25 2323.62 67.25
