1809.75 -2091.75 3.75
1815.12 -2076.5 3.75
1826.5 -2065.88 3.75
1839.5 -2056.88 3.75
1855.5 -2053.12 3.75
1880.5 -2047.88 3.75
1901.12 -2043.25 3.75
1921 -2039.75 3.75
1929.62 -2037.88 3.75
1927 -2025.25 3.75
1925.12 -2015.5 3.75
1923 -2005.62 3.75
1920.38 -1993 3.75
1919.38 -1984.25 3.75
1917 -1973.38 3.75
1912.12 -1949.38 3.75
1906.88 -1926.25 3.75
1901.88 -1902.5 3.75
1896.62 -1877.25 3.75
1892.75 -1857.12 3.75
1889.62 -1847.75 3.75
1850.75 -1865 3.75
1825.88 -1873.75 4.875
1803.12 -1880.38 5.875
1779.12 -1884.5 7.25
1754.25 -1887.38 8.875
1728.62 -1888.62 10.125
1688.12 -1886.75 11.75
1665.25 -1885.38 13.125
1645.5 -1884.12 14.375
1629.38 -1883.38 15.375
1612.5 -1883 16.5
1595.12 -1882.75 17.625
1575.75 -1882.75 18.75
1536.62 -1883 19.875
1493.12 -1881.38 19.5
1473.75 -1881.38 18.5
1453.5 -1881.38 17.875
1432.25 -1881.38 16.5
1410.25 -1881.25 14.875
1387.5 -1881.25 12.875
1364.25 -1881.12 11.125
1340.5 -1880.5 9.375
1301.12 -1878.62 6.75
1256.12 -1875.38 4.25
1231.12 -1873.88 4
1208.88 -1872.25 4
1199.12 -1871.5 4.125
1200 -1861.12 4.25
1200.75 -1842.62 4.375
1201.12 -1821 4.375
1201 -1797.75 4.375
1200.38 -1773.12 4.375
1199.25 -1747.62 4.375
1197.75 -1721.25 4.375
1195.88 -1694.38 4.375
1193.75 -1667.38 4.375
1191.25 -1640.38 4.375
1188 -1607 4.375
1186.75 -1596.88 4.625
1185.62 -1587.88 4.375
1182.62 -1562.62 4.375
1179.62 -1538.38 4.375
1176.62 -1515.62 4.375
1173.62 -1494.38 4.375
1171.12 -1479 4.375
1169.25 -1467 4.25
1167.88 -1458.25 4.25
1165.12 -1443.25 4.375
1162.75 -1431.38 4.375
1159.25 -1417.25 4.375
1155.62 -1398.62 4.375
1155.38 -1389 4.875
1154.75 -1380.75 4.875
1154.25 -1373.38 4.375
1154 -1360.75 4.375
1153.88 -1347 4.375
1154.12 -1332.12 4.375
1154.38 -1316.25 4.375
1154.88 -1299.25 4.375
1155.5 -1281.38 4.375
1157.25 -1244.25 4.25
1157.5 -1234.25 4.125
1157.5 -1226.62 4.25
1158 -1208.5 4.25
1158.5 -1190.5 4.25
1159 -1172.5 4.25
1159.5 -1154.5 4.25
1160.12 -1136.5 4.25
1160.62 -1118.5 4.25
1161.12 -1100.5 4.25
1162.12 -1079 4.25
1166.88 -1069.25 4.375
1170.75 -1061.5 4.375
1174.75 -1053.75 4.375
1178.62 -1046 4.375
1182.5 -1038.25 4.375
1186.5 -1030.5 4.375
1190.5 -1022.75 4.375
1194.38 -1015 4.375
1198.38 -1007.25 4.375
1202.25 -999.5 4.375
1206.25 -991.75 4.375
1210.12 -984 4.375
1214.12 -976.25 4.375
1217.25 -970 4.375
1220.5 -963.75 4.5
1226.62 -952.625 4.5
1231.62 -942.5 4.375
1235.62 -934.75 4.375
1239.62 -927 4.375
1243.25 -919.25 4.375
1247.25 -911.5 4.375
1251.12 -903.75 4.375
1254.25 -895.875 4.375
1256.12 -886.25 4.375
1258.62 -873.875 4.375
1259.88 -867.25 4.375
1262.38 -854.875 4.375
1264.88 -842.5 4.375
1267.62 -830.25 4.375
1270.12 -817.875 4.375
1272.62 -805.5 4.375
1275.12 -793.125 4.375
1277.62 -780.75 4.375
1281.62 -763.125 4.875
1283.5 -753 4.625
1285.12 -743.75 4.375
1289.62 -719 4.375
1294.62 -694.25 4.375
1299.62 -669.625 4.375
1301.5 -660.5 4.375
1303.25 -651.25 4.375
1307.38 -632.625 4.375
1310.38 -617.875 4.375
1311.5 -607.375 4.375
1313 -593.75 4.375
1314.38 -580 4.375
1315.75 -566.375 4.375
1317.12 -552.75 4.375
1318.62 -539 4.375
1321.5 -511.75 4.375
1324.38 -484.375 4.375
1327.25 -457 4.375
1330.12 -429.75 4.375
1333 -402.375 4.375
1335.88 -375.125 4.375
1339.38 -342.875 4.375
1339.75 -337.875 4.5
1341.62 -324 4.25
1342.38 -318 4.25
1347.75 -305.5 4.25
1356 -296.625 4.25
1368 -291.875 4.25
1378.88 -290.25 4.25
1411.38 -285.5 4.25
1443.62 -280.75 4.25
1454.5 -279.25 4.25
1461.5 -277 4.25
1468.62 -273 4.25
1473.62 -267.25 4.25
1476.62 -262.625 4.25
1479.75 -255 4.25
1490.62 -228.25 4.25
1494.88 -218.875 4.125
1498.62 -210.125 3.875
1513.38 -174.375 4.25
1524.62 -147.375 4.25
1536 -120.5 4.25
1547.25 -93.5 4.25
1558.62 -66.625 4.25
1581.12 -12.75 4.25
1603.75 41 4.25
1626.38 94.875 0.5
1649 148.75 0.5
