438
1800.00 -2211.62 4.75 -180.0
1792.00 -2211.62 4.75 -180.0
10.0
10.0
1796.00 -2211.62 3.75
1796.00 -2221.50 3.75
1808.00 -2221.50 3.75
1956.00 -2221.50 3.75
1964.62 -2212.88 3.75
1961.50 -2195.00 3.75
1995.12 -2133.75 3.75
2020.25 -2134.62 3.75
2082.62 -2082.88 3.75
2082.62 -2072.88 3.75
2092.62 -2072.88 3.75
2179.38 -2135.38 3.62
2177.88 -2150.62 3.62
2182.25 -2255.75 3.62
2193.12 -2257.50 3.50
2254.25 -2210.75 4.25
2254.25 -2210.75 4.25
2278.50 -2075.50 4.25
2294.50 -1941.88 4.25
2349.50 -1802.75 4.25
2382.25 -1676.00 4.25
2375.62 -1673.38 4.38
2351.75 -1626.75 3.38
2359.38 -1607.12 3.38
2340.12 -1483.88 3.25
2327.75 -1476.38 3.25
2318.25 -1451.25 3.25
2322.75 -1444.38 3.25
2318.88 -1412.50 5.00
2311.62 -1411.38 5.88
2182.12 -1399.12 4.25
2047.00 -1396.88 5.62
1916.88 -1405.12 13.38
1781.00 -1428.50 4.62
1718.00 -1430.88 4.50
