2086.25 -2492 3.75
2087.12 -2485.75 3.75
2090.38 -2471.25 3.75
2092.88 -2463 3.75
2088.25 -2479.62 3.75
2094.12 -2456.88 3.75
2107.88 -2427.75 3.625
2100.25 -2427 3.875
2098.88 -2434.25 3.625
2105.12 -2443.75 3.625
2077.25 -2423.62 3.875
2040.75 -2418.25 3.875
2097.62 -2442.38 3.875
2065.62 -2437.12 3.75
2037.12 -2432.62 3.75
2112.5 -2444.12 3.875
2103.62 -2482.12 3.875
2107.12 -2467 3.875
2124.75 -2407.38 3.875
2106.12 -2413.88 3.875
2111 -2402 3.875
2115.12 -2428.62 3.875
2101.25 -2492.62 3.875

