-1632.371215 -2666.152832 0.449263
-1754.557739 -2523.289794 0.449368
-1922.652221 -2360.762695 0.449183
-2109.408935 -2221.086181 0.448914
-2209.350585 -2108.218994 0.450461
-2297.359375 -1926.685791 0.449439
-2466.976074 -1731.366699 0.448769
-2721.223144 -1633.977050 0.421239
-2789.954101 -1713.119995 0.422521
-2874.092529 -1914.959716 0.529024
-2902.038085 -2106.729980 0.439917
-2912.543701 -2323.383789 0.771722
-2815.417236 -2588.074707 0.367379
-2655.391113 -2724.208984 0.468257
-2459.054931 -2781.558105 0.492151
-2280.363525 -2802.311767 0.591834
-2022.518310 -2862.995361 0.606151
-1969.542114 -2829.451171 0.453911
-1965.758911 -2665.410888 0.448758
-1913.700439 -2606.583007 0.378121
-1870.957153 -2545.364013 0.447240
-1823.669067 -2472.204589 0.451394
-1767.375610 -2399.863281 9.426237
-1632.841796 -2467.211425 6.817183
