add_vehicle 400 2250.6301 -2183.9294 5.0323 352.8558  -1  -1
add_vehicle 400 2255.0095 -2151.9673 5.0338 350.9676  -1  -1
add_vehicle 400 2261.6582 -2115.6467 5.0331 348.8818  -1  -1
add_vehicle 400 2272.1221 -2064.5322 5.0325 348.1056  -1  -1
add_vehicle 400 2287.4773 -2071.2173 5.0311 168.7728  -1  -1
add_vehicle 400 2283.3523 -2092.0649 5.0327 168.8110  -1  -1
add_vehicle 400 2275.5352 -2131.8726 5.0240 169.7056  -1  -1
add_vehicle 400 2267.5215 -2174.9021 5.0334 171.8041  -1  -1
add_vehicle 400 2259.6819 -2226.5298 5.0323 168.5600  -1  -1
add_vehicle 400 2253.0134 -2253.2515 5.0336 162.7899  -1  -1
add_vehicle 400 2242.5637 -2297.8855 5.0513 166.8967  -1  -1
add_vehicle 400 2235.6094 -2335.7942 5.0515 169.7302  -1  -1
add_vehicle 400 2223.8621 -2381.2356 5.0518 163.4243  -1  -1
add_vehicle 400 2211.2622 -2416.8843 5.0519 159.1103  -1  -1
add_vehicle 400 2195.9004 -2412.1326 5.0501 336.7382  -1  -1
add_vehicle 400 2204.7693 -2389.2986 5.0516 340.1614  -1  -1
add_vehicle 400 2214.8289 -2354.5386 5.0516 345.5792  -1  -1
add_vehicle 400 2220.8818 -2325.8630 5.0502 348.0213  -1  -1
add_vehicle 400 2227.0144 -2296.1145 5.0541 348.4563  -1  -1
add_vehicle 400 2236.6370 -2251.3176 4.7730 344.8298  -1  -1
add_vehicle 400 2298.3757 -1898.1169 5.0512 159.6988  -1  -1
add_vehicle 400 2289.0889 -1929.7225 5.0714 162.5060  -1  -1
add_vehicle 400 2286.2832 -1945.5382 5.0657 174.0722  -1  -1
add_vehicle 400 2283.8452 -1968.2070 5.0654 176.8982  -1  -1
add_vehicle 400 2283.1013 -1981.8591 5.0653 176.9105  -1  -1
add_vehicle 400 2281.6130 -2001.5601 5.0651 171.9356  -1  -1
add_vehicle 400 2278.2678 -2028.3480 5.0577 165.9950  -1  -1
add_vehicle 400 2275.2178 -2047.4662 5.0576 171.0818  -1  -1
add_vehicle 400 2316.4063 -1896.1376 5.0654 164.2428  -1  -1
add_vehicle 400 2301.4297 -1953.4609 5.0642 172.4818  -1  -1
add_vehicle 400 2300.3386 -1968.2312 5.0656 177.0389  -1  -1
add_vehicle 400 2299.6934 -1987.7252 5.0651 180.4737  -1  -1
add_vehicle 400 2297.5537 -2011.7648 5.0653 172.5041  -1  -1
add_vehicle 400 2294.9092 -2026.6563 5.0586 169.1311  -1  -1
add_vehicle 400 2291.8228 -2047.2726 5.0586 169.5705  -1  -1
add_vehicle 400 2289.0491 -2062.3459 5.0577 169.5829  -1  -1
add_vehicle 400 2187.0647 -2432.3242 5.0718 331.0942  -1  -1
add_vehicle 400 2181.6360 -2442.7419 5.0603 333.0306  -1  -1
add_vehicle 400 2176.4727 -2452.8997 5.0604 333.0425  -1  -1
add_vehicle 400 2169.4001 -2466.8276 5.0594 333.0814  -1  -1
add_vehicle 400 2158.1169 -2488.0642 5.0594 330.8206  -1  -1
add_vehicle 400 2146.5791 -2507.8333 5.0596 330.3391  -1  -1
add_vehicle 400 2156.0146 -2520.5264 5.0605 328.4771  -1  -1
add_vehicle 400 2161.4988 -2511.5933 5.0609 328.4531  -1  -1
add_vehicle 400 2194.7896 -2452.3809 5.0612 329.7352  -1  -1
add_vehicle 400 2202.8022 -2435.9919 5.0676 334.9348  -1  -1
add_vehicle 400 2207.2048 -2426.6055 5.0765 334.9036  -1  -1
add_vehicle 400 2128.9311 -1766.6368 4.5816 67.19487  -1  -1
add_vehicle 400 2109.257080 -1782.113281 4.466643 145.055435  -1  -1
add_vehicle 400 2336.38 -1849.16 5.024 337.34 -1 -1
add_vehicle 400 2364.09 -1789.18 5.016 336.17 -1 -1
add_vehicle 400 2421.00 -1664.05 5.017 334.77 -1 -1
add_vehicle 400 2464.29 -1570.95 5.016 335.67 -1 -1
add_vehicle 400 2453.79 -1557.29 5.016 158.11 -1 -1
add_vehicle 400 2422.25 -1625.60 5.016 156.09 -1 -1
add_vehicle 400 2509.30 -1378.69 5.019 356.35 -1 -1
add_vehicle 522 1469.3179 -178.8414 91.5526 358.0590  -1  -1
add_vehicle 522 1473.3226 -178.7018 91.5248 358.0587  -1  -1
add_vehicle 522 1472.1351 -174.47630 91.542 351.3430  -1  -1
add_vehicle 522 1458.6575 -146.29972 91.540 357.7728  -1  -1
add_vehicle 603 2386.440917 277.017425 14.733474 88.663200  -1  -1
add_vehicle 597 2369.431640 -1473.384155 6.599112 137.957794  -1  -1
add_vehicle 490 2372.623779 -1476.054809 6.915195 139.024078  -1  -1
add_vehicle 598 2358.682861 -1463.904907 6.913998 139.667739  -1  -1
add_vehicle 457 2092.6970 -384.9203 8.5675 302.5876  -1  -1
add_vehicle 457 2094.6721 -387.5885 8.5302 307.5844  -1  -1
add_vehicle 457 2096.4443 -390.2299 8.4678 309.0581  -1  -1
add_vehicle 457 2097.9458 -392.5794 8.4098 304.3466  -1  -1
add_vehicle 457 2099.7400 -395.2281 8.3431 302.3403  -1  -1
add_vehicle 457 2101.3503 -397.8755 8.2912 306.1211  -1  -1
add_vehicle 457 2082.7864 -359.9477 8.4140 215.0355  -1  -1
add_vehicle 457 2084.9912 -357.9448 8.3997 224.6544  -1  -1
add_vehicle 457 2082.2002 -353.5650 8.4703 279.8132  -1  -1
add_vehicle 400 -490.0973 1486.5006 8.7945 269.839  -1  -1
add_vehicle 400 -499.5056 1421.0341 13.0929 88.3578  -1  -1
add_vehicle 400 -433.9589 1375.2260 14.4803 359.7794  -1  -1
add_vehicle 400 76.4747 1013.0457 11.5929 270.2295  -1  -1
add_vehicle 400 76.2513 1000.2112 11.5003 90.2148  -1  -1
add_vehicle 400 65.3370 1004.3553 11.5292 89.9122  -1  -1
add_vehicle 400 57.5756 996.3983 11.5170 269.0865  -1  -1
add_vehicle 400 -67.7470 1181.1489 11.8493 0.1890  -1  -1
add_vehicle 400 -86.1992 1180.8943 12.1626 180.1992  -1  -1
add_vehicle 400 -105.8059 1206.5511 11.9515 269.7321  -1  -1
add_vehicle 596 -210.7070 1117.7098 14.6647 270.8978  -1  -1
add_vehicle 598 -210.8685 1113.5878 14.6654 92.1044  -1  -1
add_vehicle 599 -210.1475 1143.1002 14.6010 271.5409  -1  -1
add_vehicle 523 -210.1067 1146.6184 14.6215 269.5524  -1  -1
add_vehicle 400 -433.6155 1586.5040 4.4791 0.0619  -1  -1
add_vehicle 400 -247.4522 1651.4717 9.6449 359.8572  -1  -1
add_vehicle 400 -106.9662 1684.1307 14.7086 42.8915  -1  -1
add_vehicle 400 -128.1257 1667.2504 14.6962 317.4441  -1  -1
add_vehicle 400 -110.4565 1670.6176 14.7230 318.7828 -1  -1
add_vehicle 400 -77.3117 1702.4188 14.5876 270.8868  -1  -1
add_vehicle 400 -178.5862 1804.9279 0.3654 4.4033  -1  -1
add_vehicle 400 -188.5544 1870.6307 -0.0534 181.3562  -1  -1
add_vehicle 400 -417.6659 1737.5458 7.9729 90.5474 -1  -1
add_vehicle 400 -366.7711 1740.9619 6.9500 89.8349  -1  -1
add_vehicle 400 -366.3907 1758.7520 6.8823 269.530  -1  -1
add_vehicle 400 -262.3008 1219.8435 14.7351 89.3146  -1  -1
add_vehicle 400 -14.5015 1344.9058 49.7012 90.0919  -1  -1
add_vehicle 400 -3.0348 1350.8209 49.5776 179.5793  -1  -1
add_vehicle 400 -14.6623 1338.8689 49.3147 88.1017  -1  -1
add_vehicle 400 73.5923 1628.6339 50.5254 89.7507  -1  -1
add_vehicle 400 73.1693 1617.6017 50.2288 272.4179  -1  -1
add_vehicle 400 -4.9203 1540.6326 49.5178 273.3190  -1  -1
add_vehicle 400 -205.4467 1704.2424 7.3085 181.0716  -1  -1
add_vehicle 400 -211.0456 1704.3652 7.2360 180.1333  -1  -1
add_vehicle 400 -242.9633 1752.5433 7.6879 270.9909  -1  -1
add_vehicle 400 -243.1931 1762.9730 7.6864 271.4657  -1  -1
add_vehicle 400 -332.8846 1657.4685 4.4575 12.8409  -1  -1
add_vehicle 400 -336.0568 1657.3513 4.4690 25.5212  -1  -1
add_vehicle 400 -418.3016 1533.4185 4.5951 210.3143  -1  -1
add_vehicle 400 -399.5369 1376.0256 14.6628 235.0000  -1  -1
add_vehicle 400 -371.0586 1316.5632 14.6578 88.5964  -1  -1
add_vehicle 400 -358.7633 1248.5481 14.5140 1.8320  -1  -1
add_vehicle 400 -463.3958 1487.0580 8.2425 282.1635  -1  -1
add_vehicle 400 -322.8012 930.4443 15.0152 270.2672  -1  -1
add_vehicle 400 -343.2618 946.4223 14.4625 88.4572  -1  -1
add_vehicle 400 -340.3330 917.7288 14.6868 359.5128  -1  -1
add_vehicle 400 -343.1453 961.5324 14.6669 269.4797  -1  -1
add_vehicle 400 234.5837 703.9402 2.6226 359.4920  -1  -1
add_vehicle 400 217.5552 719.4449 2.6862 179.3475  -1  -1
add_vehicle 400 226.1135 704.1752 2.6320 179.9777  -1  -1
add_vehicle 400 230.2764 638.0875 2.4942 181.1524  -1  -1
add_vehicle 400 217.3760 654.3814 3.0026 359.5658  -1  -1
add_vehicle 400 -142.6291 681.5229 11.8430 0.639  -1  -1
add_vehicle 400 -111.1921 903.6881 14.8553 315.9616  -1  -1
add_vehicle 400 -126.3989 918.5355 14.6571 132.9537  -1  -1
add_vehicle 400 -232.0354 1041.0422 14.5870 179.9690 -1  -1
add_vehicle 416 -208.1873 1170.4349 14.9300 359.8375  -1  -1
add_vehicle 416 -212.7213 1170.5975 14.8971 0.6857  -1  -1
add_vehicle 400 -378.4813 999.8550 14.7995 163.2694  -1  -1
add_vehicle 400 -167.0871 944.6356 14.8799 195.8569  -1  -1
add_vehicle 400 -371.2668 699.3611 12.9776 0.2523  -1  -1
add_vehicle 400 -1139.9579 983.9629 25.7803 334.0327  -1  -1
add_vehicle 400 -1037.6829 1113.9973 25.8529 90.8005  -1  -1
add_vehicle 400 -1173.4008 1183.8157 25.7769 89.4696  -1  -1
add_vehicle 400 -1157.7708 1173.4847 25.8455 269.4366  -1  -1
add_vehicle 400 -1047.3507 1225.5049 26.1833 269.1301  -1  -1
add_vehicle 400 -1047.9673 1273.5302 25.6931 268.560  -1  -1
add_vehicle 400 -1060.5111 1289.4944 25.9018 270.3073  -1  -1
add_vehicle 400 -1079.6012 1217.5459 36.0145 88.7876  -1  -1
add_vehicle 400 -1067.5873 1249.5924 35.8273 272.6249  -1  -1
add_vehicle 400 -1047.3934 1277.3602 35.8636 89.6143  -1  -1
add_vehicle 400 -1007.5148 1247.6119 33.5697 269.1243  -1  -1
add_vehicle 400 -1079.2388 1279.4508 31.2225 90.2644  -1  -1
add_vehicle 400 -1422.8242 1458.9108 15.6892 90.4517 -1  -1
add_vehicle 400 -1412.3322 1438.6248 15.9820 270.6444  -1  -1
add_vehicle 400 -1389.5084 1476.0288 15.8748 269.8777  -1  -1
add_vehicle 400 -1386.5540 1519.1521 16.0207 92.8635  -1  -1
add_vehicle 400 -1310.5950 1428.2450 15.8664 305.5125 -1  -1
add_vehicle 400 -1153.6483 1748.6853 21.1117 90.7790  -1  -1
add_vehicle 400 -1105.4661 1757.6537 15.7733 181.6580  -1  -1
add_vehicle 400 -990.6951 1790.5450 16.2271 270.6031  -1  -1
add_vehicle 400 -1009.6764 1808.0629 15.8400 90.7619  -1  -1
add_vehicle 400 -1432.5981 1343.6697 15.8369 91.425  -1  -1
add_vehicle 400 -1318.5005 793.0237 25.6696 180.6288  -1  -1
add_vehicle 400 -1400.4963 404.9032 25.8123 1.5614  -1  -1
add_vehicle 400 -1457.6869 416.8315 25.6864 337.7465 -1  -1
add_vehicle 400 -1452.9363 443.7184 25.7101 89.6415  -1  -1
add_vehicle 400 -1464.6112 519.5466 26.0468 89.2591  -1  -1
add_vehicle 400 -1419.0519 601.4453 25.9043 155.4742  -1  -1
add_vehicle 400 -1217.7709 423.4909 25.8400 239.6687  -1  -1
add_vehicle 400 -1208.4335 435.1787 25.8513 180.3920  -1  -1
add_vehicle 400 -1158.7188 284.3557 25.8220 206.9686  -1  -1
add_vehicle 400 -1028.2466 427.9806 25.6794 130.9382  -1  -1
add_vehicle 400 -988.6000 393.4381 25.9076 268.7287  -1  -1
add_vehicle 400 -883.9623 1056.0562 15.8459 91.1201 -1  -1
add_vehicle 400 -908.3508 973.9559 16.2282 179.2623  -1  -1
add_vehicle 400 -876.3470 921.6440 16.2489 358.2979 -1 -1
add_vehicle 400 -859.1234 1111.6644 15.6274 109.7215 -1 -1
add_vehicle 400 -844.3342 1157.0435 15.8049 91.9403 -1 -1
add_vehicle 400 -1238.3724 1039.7723 25.7475 181.1054 -1 -1
add_vehicle 400 -1250.8353 845.3927 25.7016 325.0024 -1  -1
add_vehicle 400 -1318.3345 658.2924 25.8196 182.5910 -1 -1
add_vehicle 400 -1297.8895 251.2771 26.1406 1.6496  -1  -1
add_vehicle 400 -1190.2712 248.5868 25.8499 89.6017  -1  -1
add_vehicle 400 -1193.3944 354.1565 25.6681 57.1460  -1  -1
add_vehicle 400 -1107.7787 393.2737 25.7595 270.9638  -1  -1
add_vehicle 400 -1407.8009 1040.5319 25.7369 359.1197  -1  -1
add_vehicle 400 -1438.6118 924.9318 25.6710 179.4533  -1  -1
add_vehicle 400 -1386.7806 214.4776 25.6706 68.6322  -1  -1
add_vehicle 400 -1022.3457 337.4331 25.8663 28.137  -1  -1
add_vehicle 400 -1004.1359 599.5656 25.7571 64.6174  -1  -1
add_vehicle 400 -952.8171 604.3829 25.7367 233.7620  -1  -1
add_vehicle 400 -1116.1715 634.6909 25.7908 244.8638  -1  -1
add_vehicle 400 -1148.3541 790.9321 25.8877 88.5497  -1  -1
add_vehicle 400 -1218.0416 932.4067 25.6348 1.8068  -1  -1
add_vehicle 400 -1108.5068 1485.6680 25.0102 180.0900  -1  -1
add_vehicle 400 -1222.2813 1494.6870 15.9041 180.3017  -1  -1
add_vehicle 400 -1201.8403 2040.4490 11.1976 216.6510  -1  -1
add_vehicle 400 -1218.7717 2007.8655 11.2188 204.5446  -1  -1
add_vehicle 400 -1179.2462 1989.9688 11.0624 216.2764 -1 -1
add_vehicle 400 -1171.4833 1668.4385 16.2179 272.5067 -1  -1
add_vehicle 400 -993.5630 1492.9073 18.2001 356.3090  -1  -1
add_vehicle 400 -1114.4946 1428.7698 25.7364 225.5983 -1 -1
add_vehicle 400 -1057.5953 1365.0968 25.5801 203.3288  -1  -1
add_vehicle 400 -979.7991 1361.2195 20.6834 115.7125 -1 -1
add_vehicle 400 -948.3492 1150.7122 26.0950 179.0537  -1  -1
add_vehicle 400 -902.1897 390.7200 25.7062 46.4382 -1 -1
add_vehicle 400 -1264.7234 333.9276 25.8616 91.6490  -1  -1
add_vehicle 400 -1218.0481 992.1895 25.7793 1.3853  -1  -1
add_vehicle 400 -1259.6300 1212.7324 25.6037 308.2758 -1 -1
add_vehicle 400 -1177.9381 842.4288 25.7814 313.6628  -1  -1
add_vehicle 400 -248.9299 811.2427 14.4277 54.098  -1  -1
add_vehicle 400 -157.9247 997.0822 14.4035 316.8622  -1  -1
add_vehicle 400 -84.7730 1056.8575 14.9074 134.2334  -1  -1
add_vehicle 400 -406.2838 1186.4391 14.6684 88.6052  -1  -1
add_vehicle 400 -461.0554 1019.4318 14.6077 289.5674  -1  -1
add_vehicle 400 -289.0317 1077.5365 14.6358 0.7392  -1  -1
add_vehicle 400 -218.9820 1406.9297 19.5594 359.8137  -1  -1
add_vehicle 400 -127.8122 1472.9691 25.7866 88.5591  -1  -1
add_vehicle 400 -149.1769 1545.5199 24.6419 0.3919  -1  -1
add_vehicle 400 -486.6827 1606.8502 3.0971 149.236  -1  -1
add_vehicle 400 -485.3666 1095.8582 14.5145 269.8047  -1  -1
add_vehicle 400 -487.1767 1014.9135 14.5065 1.4922  -1  -1
add_vehicle 400 -486.7773 806.9243 4.6360 0.4069  -1  -1
add_vehicle 400 -448.5782 812.5822 4.8860 91.0439  -1  -1
add_vehicle 400 -476.6513 816.1193 4.5501 86.4066  -1  -1
add_vehicle 400 -308.9873 783.4267 14.6762 158.5781  -1  -1
add_vehicle 400 -236.2863 686.1985 11.6695 0.4998  -1  -1
add_vehicle 400 -155.3628 755.1235 14.5963 181.812  -1  -1
add_vehicle 400 -2266.0303 2144.6985 37.2676 234.6743 -1  -1
add_vehicle 400 -2265.9800 2139.0620 36.8252 240.730  -1  -1
add_vehicle 400 -2266.6079 2135.2766 36.1575 236.3647  -1  -1
add_vehicle 400 -2139.0188 2102.3232 49.0886 335.0743 -1  -1
add_vehicle 400 -2062.7124 2124.6606 61.3270 3.356  -1  -1
add_vehicle 400 -1935.4679 2128.0225 70.9285 358.7135  -1  -1
add_vehicle 400 -1910.8456 2115.4407 69.2749 26.4924  -1  -1
add_vehicle 400 -1753.3784 2079.3926 62.4650 261.2745  -1  -1
add_vehicle 400 -1764.6425 2087.7429 62.6871 261.7469  -1  -1
add_vehicle 400 -1808.4290 2071.4177 72.0422 170.2928  -1  -1
add_vehicle 400 -1819.1099 2037.5529 68.5172 88.0682  -1  -1
add_vehicle 400 -1934.9736 2066.9626 62.4185 2.4914  -1  -1
add_vehicle 400 -2062.8254 2067.5442 53.6944 177.6138  -1  -1
add_vehicle 400 -2100.0093 2003.7423 28.3864 0.3334  -1  -1
add_vehicle 400 -2064.5884 1980.2175 28.5484 359.9572  -1  -1
add_vehicle 400 -2074.9001 1980.1411 28.3531 179.4180  -1  -1
add_vehicle 400 -2084.7725 2004.0332 28.2430 354.520  -1  -1
add_vehicle 400 -2029.5585 1899.2576 18.4107 179.0579  -1  -1
add_vehicle 400 -2004.7755 1877.3120 18.4030 359.8416  -1  -1
add_vehicle 400 -2032.7480 1876.3536 18.4032 179.1612  -1  -1
add_vehicle 400 -2008.0690 1761.5098 18.8838 270.6072 -1  -1
add_vehicle 400 -1978.8822 1768.7506 18.9249 269.0250 -1  -1
add_vehicle 400 -1978.7076 1759.9241 18.3719 89.9090  -1  -1
add_vehicle 400 -1798.2980 1855.7175 3.4463 269.7953  -1  -1
add_vehicle 400 -1807.8206 1869.1022 3.9147 88.9559 -1  -1
add_vehicle 400 -1872.1213 1873.9728 3.5484 179.0872  -1  -1
add_vehicle 400 -1857.8353 1874.1934 3.6255 359.6699  -1  -1
add_vehicle 400 -1911.2465 1854.7218 3.5763 270.4541  -1  -1
add_vehicle 400 -1911.5985 1863.3474 3.6353 90.3331  -1  -1
add_vehicle 400 -1906.7625 1785.0009 3.6883 180.0521  -1  -1
add_vehicle 400 -1825.9841 1725.3516 3.5588 269.5393  -1  -1
add_vehicle 400 -1836.8276 1734.7484 3.4213 179.6204  -1  -1
add_vehicle 400 -1973.2560 1636.8009 3.4823 42.913  -1  -1
add_vehicle 400 -2468.9661 1843.4648 58.6700 91.1913  -1  -1
add_vehicle 400 -2467.9966 1826.1281 58.7527 270.2982 -1  -1
add_vehicle 400 -2614.3950 1660.6600 58.9396 179.6942  -1  -1
add_vehicle 400 -2606.6587 1633.5005 58.8533 90.4314  -1  -1
add_vehicle 400 -2559.8132 1646.4852 58.2958 85.5798 -1  -1
add_vehicle 400 -2599.2222 1782.6180 58.7658 178.9779  -1  -1
add_vehicle 400 -2593.0020 1783.0143 58.6864 0.4516  -1  -1
add_vehicle 400 -2584.2991 1767.3584 58.7109 270.8933  -1  -1
add_vehicle 400 -2585.0049 1773.5375 58.5283 87.1709  -1  -1
add_vehicle 400 -2564.1106 1921.2207 68.7119 93.0131  -1  -1
add_vehicle 400 -2201.8855 1567.1381 28.6195 268.7219  -1  -1
add_vehicle 400 -1802.8801 1786.3199 3.4911 0.7210  -1  -1
add_vehicle 400 -2494.8198 1954.3689 58.4028 309.2692  -1  -1
add_vehicle 400 -2090.7195 1253.7373 8.5062 179.9975  -1  -1
add_vehicle 400 -2090.9509 1187.7140 8.5220 180.4642  -1  -1
add_vehicle 400 -2090.9814 1135.9706 8.7420 178.871  -1  -1
add_vehicle 400 -2080.2456 1214.0787 8.5425 359.7493  -1  -1
add_vehicle 400 -2174.5276 1386.3761 10.6736 1.2236  -1  -1
add_vehicle 400 -2155.4570 1427.5251 10.8037 179.1005  -1  -1
add_vehicle 400 -2212.8938 1407.9996 10.8823 0.6948  -1  -1
add_vehicle 400 -2118.0562 1407.6453 10.8335 180.4220  -1  -1
add_vehicle 400 -2129.8391 1374.9974 10.8185 179.6932  -1  -1
add_vehicle 596 2366.6223 -1471.3130 6.5958 137.5874  -1  -1
add_vehicle 400 2524.9116 -1037.4526 4.7458 1.1648  -1  -1
add_vehicle 400 2497.1506 -1034.8712 4.2958 135.7661  -1  -1
add_vehicle 596 2493.4485 -445.9507 6.0912 179.3388  -1  -1
add_vehicle 597 2489.5229 -428.2341 5.8572 73.6449  0  1
add_vehicle 598 2515.8423 -446.3167 5.4546 177.7916  36  -1
add_vehicle 400 2294.7214 -679.6655 12.3487 188.4716  -1  -1
add_vehicle 400 2346.5833 273.7464 14.5251 97.388  -1  -1
add_vehicle 400 2338.5017 249.6720 16.9261 87.686  -1  -1
add_vehicle 400 2338.6299 264.9148 16.9271 270.090  -1  -1
add_vehicle 400 2347.1738 272.3489 19.3231 88.795  -1  -1
add_vehicle 400 2346.2290 238.5788 19.3226 232.946  -1  -1
add_vehicle 400 2307.0479 264.2522 21.7435 87.428  -1  -1
add_vehicle 400 2283.1814 288.5732 11.7323 23.717  -1  -1
add_vehicle 400 2209.7466 307.2445 11.4894 347.361  -1  -1
add_vehicle 400 2524.6167 315.4324 10.5185 219.045  -1  -1
add_vehicle 400 2487.4939 174.0925 10.5161 141.438  -1  -1
add_vehicle 400 2529.0923 87.2303 13.6386 98.416  -1  -1
add_vehicle 400 2532.2627 81.3136 13.5782 180.048  -1  -1
add_vehicle 400 2457.1826 36.7436 6.5613 47.740  -1  -1
add_vehicle 400 2391.6448 -43.6661 5.6733 197.552  -1  -1
add_vehicle 400 2290.4050 -178.8340 5.2484 140.606  -1  -1
add_vehicle 400 2368.4294 -263.7562 5.5724 356.484  -1  -1
add_vehicle 400 2373.6240 -157.9473 5.4232 356.142  -1  -1
add_vehicle 400 2432.0334 -178.3239 5.4568 173.702  -1  -1
add_vehicle 400 2446.4314 -319.9080 5.5088 183.269  -1  -1
add_vehicle 400 2450.6047 -306.5359 5.3794 261.667  -1  -1
add_vehicle 400 2559.1563 -275.3304 7.5800 77.866  -1  -1
add_vehicle 400 2572.4114 -311.0776 7.0826 280.646  -1  -1
add_vehicle 400 2585.4504 -90.9964 13.0995 1.809  -1  -1
add_vehicle 400 2480.3877 -239.4084 6.0131 172.6910  -1  -1
add_vehicle 400 2431.9524 -413.2919 5.8178 218.372  -1  -1
add_vehicle 400 2552.2390 -415.6183 5.1997 164.811  -1  -1
add_vehicle 400 2497.7651 -474.9013 5.5270 91.500  -1  -1
add_vehicle 400 2370.4695 -477.0572 5.8207 184.637  -1  -1
add_vehicle 400 2334.6672 -495.2340 5.5823 254.339  -1  -1
add_vehicle 400 2292.3462 -541.0526 7.3988 162.004  -1  -1
add_vehicle 400 2293.6204 -558.4290 7.3942 252.456  -1  -1
add_vehicle 400 2390.7874 -584.3755 5.2517 272.682  -1  -1
add_vehicle 400 2429.6050 -624.2717 5.7301 179.437  -1  -1
add_vehicle 400 2507.8879 -573.8367 5.1539 164.862  -1  -1
add_vehicle 400 2550.7878 -545.5632 9.5852 168.625  -1  -1
add_vehicle 400 2538.7258 -605.1159 9.5827 168.598  -1  -1
add_vehicle 400 2466.1592 -579.7078 5.8290 138.604  -1  -1
add_vehicle 400 2120.0278 -697.3177 15.8036 104.392  -1  -1
add_vehicle 400 2083.3647 -666.0601 13.5373 20.8949  -1  -1
add_vehicle 400 2085.8662 -658.8570 13.5075 312.2815  -1  -1
add_vehicle 400 2091.7954 -662.7963 13.5352 117.6156  -1  -1
add_vehicle 400 2306.1006 -651.4717 10.4293 7.638  -1  -1
add_vehicle 400 2432.0698 -728.8113 6.1519 98.580  -1  -1
add_vehicle 400 2479.3618 -773.7919 5.5624 85.062  -1  -1
add_vehicle 400 2402.6350 -863.3412 5.4919 217.465  -1  -1
add_vehicle 400 2462.0933 -842.8091 5.4184 109.722  -1  -1
add_vehicle 400 2520.9270 -868.1539 5.3704 203.640  -1  -1
add_vehicle 400 2455.4070 -942.3969 5.1749 92.104  -1  -1
add_vehicle 400 2454.5938 -953.3145 5.1459 269.372  -1  -1
add_vehicle 400 2477.0579 -964.3787 4.9214 260.972  -1  -1
add_vehicle 400 2482.0288 -975.0082 4.7321 85.533  -1  -1
add_vehicle 400 2456.1091 -968.4425 4.9306 43.351  -1  -1
add_vehicle 448 2410.7729 -850.3778 5.4332 305.9580 -1 -1
add_vehicle 400 2436.6860 -876.8503 5.2131 131.8123 -1 -1
add_vehicle 400 2251.0674 -897.3990 4.5498 138.9032 -1 -1
add_vehicle 400 2239.5393 -924.9974 4.3051 0.4019  -1  -1
add_vehicle 400 2326.2947 -949.9067 5.1336 281.4928  -1  -1
add_vehicle 400 2336.0400 -1011.9207 5.2085 239.8952  -1  -1
add_vehicle 400 2302.5444 -1117.4379 5.9654 87.9855  -1  -1
add_vehicle 400 2302.6196 -1110.7555 6.1059 279.5506  -1  -1
add_vehicle 524 2253.0488 -1221.4218 3.7682 162.3501  -1  -1
add_vehicle 486 2288.5330 -1172.2672 5.8051 240.7830  -1  -1
add_vehicle 400 2234.5562 -1173.9250 6.2465 69.9058  -1  -1
add_vehicle 400 2172.2947 -1287.3342 3.5864 118.7434  -1  -1
add_vehicle 400 2133.0730 -1343.3435 5.4075 255.9757 -1 -1
add_vehicle 400 2198.6719 -1441.7010 5.5435 280.0451 -1  -1
add_vehicle 400 2232.6235 -1443.0599 6.1489 260.3531 -1  -1
add_vehicle 400 2234.7593 -1426.3076 6.1534 75.1296 -1  -1
add_vehicle 400 2155.0979 -1464.5541 7.9181 138.9783 -1  -1
add_vehicle 400 2297.3711 -1630.3904 4.5184 292.7477 -1  -1
add_vehicle 400 2328.5940 -1556.6665 4.3313 353.8264 -1  -1
add_vehicle 400 2237.9189 -1795.3846 4.3368 161.8651 -1  -1
add_vehicle 400 2311.7317 -1798.6108 5.2656 336.7364 -1  -1
add_vehicle 400 2401.1902 -1636.6575 5.2648 218.3056 -1  -1
add_vehicle 400 2472.4338 -1553.9714 5.0998 343.6258 -1  -1
add_vehicle 400 2490.2983 -1451.0597 5.0948 170.4858 -1  -1
add_vehicle 400 2378.9265 -1717.8484 5.0933 153.8564 -1  -1
add_vehicle 400 2354.8831 -1773.5402 5.0939 156.9607 -1  -1
add_vehicle 400 2322.1301 -1880.8606 5.1012 335.6104 -1  -1
add_vehicle 400 2186.5598 -1883.6444 4.6290 119.0628 -1  -1
add_vehicle 400 2139.3330 -1772.3984 4.6300 63.8323 -1  -1
add_vehicle 400 2100.2478 -1759.1783 4.6572 254.7391 -1  -1
add_vehicle 400 2075.2087 -1824.6631 4.6507 3.5923 -1  -1
add_vehicle 400 2088.0605 -1812.7098 4.6546 321.9606 -1  -1
add_vehicle 400 2051.7395 -1897.8235 9.4526 84.3983 -1  -1
add_vehicle 400 2048.8264 -1898.2898 18.7628 87.1449 -1  -1
add_vehicle 400 2008.3906 -1876.8972 15.9680 355.0760 -1  -1
add_vehicle 400 1976.1570 -1877.1423 15.9660 143.7565 -1  -1
add_vehicle 400 1947.8082 -1885.4486 18.7631 276.1794 -1  -1
add_vehicle 400 1991.9156 -1902.0707 15.9625 342.7888 -1  -1
add_vehicle 400 2151.2510 -1944.0112 4.6409 260.2728 -1  -1
add_vehicle 400 2190.4402 -1977.6676 4.6285 91.3344 -1  -1
add_vehicle 400 2190.7329 -1987.1091 4.6254 252.4880 -1  -1
add_vehicle 400 2241.3115 -2097.0049 5.2309 251.0725 -1  -1
add_vehicle 400 2258.3276 -2131.9458 5.0943 169.0871 -1  -1
add_vehicle 400 2257.2869 -2235.3567 5.0927 168.0533 -1  -1
add_vehicle 400 2104.2664 -2526.4717 4.7806 91.5001 -1  -1
add_vehicle 400 2087.4568 -2487.2571 4.5411 353.3444 -1  -1
add_vehicle 400 2108.8550 -2413.7180 4.5489 334.5124 -1  -1
add_vehicle 400 2173.9568 -2374.4795 4.8895 179.6361 -1  -1
add_vehicle 400 2139.6458 -2278.6555 4.6526 77.3280 -1  -1
add_vehicle 400 2131.7678 -2135.6350 18.7428 98.2971 -1  -1
add_vehicle 400 2109.3093 -2169.4824 18.7345 172.0285 -1  -1
add_vehicle 400 2110.0002 -2167.8831 25.5021 161.1063 -1  -1
add_vehicle 400 2152.6035 -2126.2524 25.5016 0.1675 -1  -1
add_vehicle 400 1997.4882 -2156.8901 4.6677 112.4466 -1  -1
add_vehicle 400 1993.9005 -2185.2559 4.6603 180.1529 -1  -1
add_vehicle 400 1963.6237 -2055.6885 4.6564 266.6667 -1  -1
add_vehicle 400 1948.1512 -2156.3120 4.6584 186.0398 -1  -1
add_vehicle 400 1926.9841 -2216.8623 4.5765 93.0076 -1  -1
add_vehicle 400 1903.3384 -2267.7693 4.6585 120.8909 -1  -1
add_vehicle 400 1909.0472 -2280.6582 4.6593 234.5858 -1  -1
add_vehicle 400 1831.9861 -2345.5503 -1.8365 204.5544 -1  -1
add_vehicle 400 1855.3585 -2352.3940 -1.8402 277.4555 -1  -1
add_vehicle 400 1859.0355 -2329.8137 -1.8371 93.7315 -1  -1
add_vehicle 400 1760.9309 -2240.5171 2.3046 8.7261 -1  -1
add_vehicle 400 1836.1855 -2063.1035 4.5768 305.1939 -1  -1
add_vehicle 400 1892.5627 -2027.9357 4.5785 104.4529 -1  -1
add_vehicle 400 1972.7982 -2372.9856 4.6504 177.7605 -1  -1
add_vehicle 400 2007.7555 -2509.1648 4.6466 357.2871 -1  -1
add_vehicle 400 2026.5964 -2511.3984 4.6454 269.4791 -1  -1
add_vehicle 446 1407.5046 -2459.7158 -0.6314 250.714  -1  -1
add_vehicle 493 1411.0453 -2450.6702 -0.8954 255.406  -1  -1
add_vehicle 400 1358.5854 -2450.6907 7.0142 71.617  -1  -1
add_vehicle 400 1314.6172 -2426.0020 6.3412 159.3510  -1  -1
add_vehicle 400 1281.9420 -2499.5193 7.4122 341.8084 -1 -1
add_vehicle 400 1266.2124 -2482.9851 7.4213 178.1541 -1 -1
add_vehicle 400 1006.6873 -2196.4480 5.8154 245.069  -1  -1
add_vehicle 400 1013.6843 -2199.8555 5.4575 244.9990  -1  -1
add_vehicle 400 999.3142 -2192.7390 5.4340 245.7193  -1  -1
add_vehicle 400 988.7986 -2368.3003 6.0346 171.4991  -1  -1
add_vehicle 400 992.7516 -2372.4094 5.8742 313.3099  -1  -1
add_vehicle 400 1096.6647 -2374.9619 6.8852 161.7162  -1  -1
add_vehicle 400 1120.0662 -2383.9629 6.9826 329.3947  -1  -1
add_vehicle 400 1085.5234 -2421.9102 7.2088 111.1624  -1  -1
add_vehicle 400 1279.6228 -2283.7671 6.1391 292.5787  -1  -1
add_vehicle 400 1270.1288 -2364.8899 6.2784 250.9444  -1  -1
add_vehicle 400 1253.5947 -2407.9968 6.8312 73.4002  -1  -1
add_vehicle 400 1289.0049 -2225.3755 5.3541 145.7963  -1  -1
add_vehicle 400 1003.7969 -2107.7100 9.2976 179.0957 -1  -1
add_vehicle 400 980.6346 -1818.0344 12.3128 261.5165  -1  -1
add_vehicle 400 976.5826 -1810.2535 12.1156 60.7179  -1  -1
add_vehicle 400 979.9911 -1807.8558 7.1736 200.5527  -1  -1
add_vehicle 400 972.9048 -1807.2416 7.3429 143.1433  -1  -1
add_vehicle 400 991.7553 -1839.4115 7.0328 313.1166  -1  -1
add_vehicle 400 994.0137 -1851.4279 7.4359 221.1351  -1  -1
add_vehicle 433 304.9373 -1048.1707 9.3414 4.2391  -1  -1
add_vehicle 470 312.9266 -1144.4103 9.7617 354.9875  -1  -1
add_vehicle 447 336.7733 -1175.6292 10.3993 3.8275  -1  -1
add_vehicle 433 256.1888 -1221.1129 9.3390 267.1414  -1  -1
add_vehicle 500 256.0612 -1212.4230 9.3404 270.3656  -1  -1
add_vehicle 599 255.0953 -1188.8318 9.3404 89.3616  -1  -1
add_vehicle 500 273.2040 -1163.1816 9.7642 358.2818  -1  -1
add_vehicle 470 255.6294 -1173.8871 9.7641 269.6507  -1  -1
add_vehicle 596 299.7568 -1204.0730 9.0559 268.9987 -1  -1
add_vehicle 470 300.1833 -1193.8533 9.0567 91.0020 -1  -1
add_vehicle 470 299.7510 -1187.6196 9.0576 87.8213 -1  -1
add_vehicle 438 579.4534 -1737.9680 9.2367 268.871  -1  -1
add_vehicle 400 553.2402 -1737.7759 9.2419 93.039  -1  -1
add_vehicle 420 534.5563 -1764.5247 8.9435 13.9057  -1  -1
add_vehicle 400 547.3044 -1767.3512 8.9700 212.9697  -1  -1
add_vehicle 400 593.7371 -1764.6349 9.0239 343.8581  -1  -1
add_vehicle 400 343.6840 -1573.9364 9.1245 357.4521  -1  -1
add_vehicle 400 318.6728 -1563.0702 9.1424 13.4790  -1  -1
add_vehicle 400 311.7351 -1594.4974 9.4386 185.3362 -1  -1
add_vehicle 400 403.4018 -1604.2537 9.1155 182.6009  -1  -1
add_vehicle 400 409.6150 -1583.3245 9.1830 0.0000  -1  -1
add_vehicle 400 834.1318 -2188.1292 9.4944 188.6668  -1  -1
add_vehicle 400 812.5136 -1855.9639 9.0564 297.4935  -1  -1
add_vehicle 400 813.1958 -1852.4595 9.1905 273.9829  -1  -1
add_vehicle 400 812.7852 -1844.5898 9.2016 89.5457  -1  -1
add_vehicle 400 835.3617 -1892.3706 8.8973 269.1887 -1  -1
add_vehicle 400 847.8223 -1901.9623 8.9971 270.1851  -1  -1
add_vehicle 519 719.0763 -2038.4681 10.2499 130.7381  -1  -1
add_vehicle 485 661.8495 -2188.1599 9.1594 45.6742  -1  -1
add_vehicle 487 629.3047 -2205.7373 12.7941 217.5401  -1  -1
add_vehicle 476 217.2871 -2085.8237 9.7808 88.8408  -1  -1
add_vehicle 511 264.4407 -1741.6934 10.5209 180.6169  -1  -1
add_vehicle 608 414.6721 -1801.7875 9.2644 246.224  -1  -1
add_vehicle 400 435.9930 -1801.9663 8.8658 19.0324  -1  -1
add_vehicle 400 408.7595 -1866.9529 9.2421 351.7977  -1  -1
add_vehicle 553 359.9292 -1913.8390 10.2434 182.8232  -1  -1
add_vehicle 485 397.7523 -1982.4293 10.2579 214.1208  -1  -1
add_vehicle 400 855.2413 -1680.8760 6.1403 71.8775  -1  -1
add_vehicle 400 884.4100 -1627.3687 6.0847 310.9453  -1  -1
add_vehicle 400 999.0741 -1632.3845 6.0736 230.1986  -1  -1
add_vehicle 400 1034.1130 -1627.2487 5.6590 325.1855  -1  -1
add_vehicle 400 1119.0608 -1589.2833 5.5720 159.4997  -1  -1
add_vehicle 400 1159.0709 -1572.1256 5.3026 10.3035  -1  -1
add_vehicle 400 1141.9962 -1513.3762 5.3997 74.5331  -1  -1
add_vehicle 400 1134.8396 -1486.8918 5.3996 117.2252  -1  -1
add_vehicle 400 1119.7123 -1395.5901 5.5721 87.0062  -1  -1
add_vehicle 400 984.5671 -1378.6672 5.2455 57.3624  -1  -1
add_vehicle 400 997.3925 -1313.1868 5.2412 45.6909  -1  -1
add_vehicle 400 928.1758 -1262.4363 5.3358 183.7543  -1  -1
add_vehicle 400 857.8146 -1301.0204 5.1595 96.5246  -1  -1
add_vehicle 400 808.5314 -1289.0889 5.2379 51.9428  -1  -1
add_vehicle 400 816.5469 -1467.2611 5.2841 188.4754  -1  -1
add_vehicle 400 838.8515 -1455.5928 5.1472 295.8714  -1  -1
add_vehicle 400 1020.7723 -1185.6123 4.9227 6.2071  -1  -1
add_vehicle 400 1009.9526 -1132.2542 4.9181 357.4872  -1  -1
add_vehicle 400 974.5909 -1069.5203 5.5370 152.9022  -1  -1
add_vehicle 400 885.1984 -1023.2489 5.6933 89.2737  -1  -1
add_vehicle 400 842.4833 -1020.1969 5.7336 203.6447  -1  -1
add_vehicle 400 819.8046 -1208.8738 5.6968 0.6665  -1  -1
add_vehicle 400 1034.5339 -940.3097 5.1636 256.5336  -1  -1
add_vehicle 400 1075.2892 -879.5690 3.8412 351.5840  -1  -1
add_vehicle 400 1123.2083 -812.8734 3.6646 2.2555  -1  -1
add_vehicle 400 1061.7460 -754.2316 3.5668 114.3918  -1  -1
add_vehicle 400 1071.8328 -743.1768 3.6014 218.1757  -1  -1
add_vehicle 400 978.1625 -715.6556 5.5114 354.6536  -1  -1
add_vehicle 400 1272.4694 -682.5823 5.3023 346.3599  -1  -1
add_vehicle 400 1166.8795 -370.5156 5.2225 356.3736  -1  -1
add_vehicle 400 1149.1074 -384.2400 5.2224 182.4414  -1  -1
add_vehicle 400 1195.6912 -421.8673 5.2217 2.9388  -1  -1
add_vehicle 400 1357.1394 -328.6407 5.3655 249.7054  -1  -1
add_vehicle 400 1320.9730 -226.9536 5.2913 357.3458  -1  -1
add_vehicle 400 1174.7548 -186.4755 5.2914 85.1198  -1  -1
add_vehicle 400 1126.2468 -193.4970 5.3801 125.6035  -1  -1
add_vehicle 400 1108.4025 -104.8879 5.4226 102.2373  -1  -1
add_vehicle 400 1103.3190 -82.7614 5.4222 307.3464  -1  -1
add_vehicle 400 1143.1058 -14.6834 5.3764 355.9344  -1  -1
add_vehicle 400 1139.0421 98.5448 5.3317 18.1748  -1  -1
add_vehicle 400 1146.9540 204.4492 5.1235 351.5787  -1  -1
add_vehicle 400 1252.4618 248.0575 5.3603 57.7600  -1  -1
add_vehicle 400 1373.7306 234.1667 5.2773 236.2735  -1  -1
add_vehicle 400 1447.1858 203.0865 5.6314 334.5203  -1  -1
add_vehicle 400 1499.3792 176.3589 5.3690 10.9826  -1  -1
add_vehicle 400 1549.0693 228.8237 3.9771 270.1291  -1  -1
add_vehicle 400 1539.6884 273.0983 3.9721 358.2879  -1  -1
add_vehicle 400 1707.5581 365.4772 5.8288 358.1500  -1  -1
add_vehicle 400 1679.4126 411.9509 6.0028 359.0915  -1  -1
add_vehicle 400 1633.2861 473.2826 4.5217 353.1313  -1  -1
add_vehicle 400 1645.8706 473.1191 4.5223 202.8260  -1  -1
add_vehicle 400 1674.8179 474.1870 4.5228 0.1665  -1  -1
add_vehicle 400 1476.1257 381.2239 5.9738 95.6305  -1  -1
add_vehicle 468 1173.8098 348.7758 5.9763 170.5522  -1  -1
add_vehicle 400 1161.4231 345.9481 5.9036 33.0510  -1  -1
add_vehicle 400 1236.3578 370.6184 6.0512 276.9458  -1  -1
add_vehicle 400 1101.5176 425.9035 5.9554 94.7271  -1  -1
add_vehicle 400 692.1504 574.2494 3.0285 3.2326  -1  -1
add_vehicle 400 646.6844 575.5861 3.0269 183.5432  -1  -1
add_vehicle 400 555.0310 548.4067 3.0298 17.3616  -1  -1
add_vehicle 400 409.9542 392.0047 3.0327 272.5067  -1  -1
add_vehicle 400 431.5231 390.8111 3.0346 260.1832  -1  -1
add_vehicle 400 438.0718 305.6201 3.0326 26.1917  -1  -1
add_vehicle 400 874.7616 294.8044 3.0335 57.6359  -1  -1
add_vehicle 400 960.5161 362.2643 3.0883 1.3511  -1  -1
add_vehicle 400 960.7864 348.9984 3.0887 0.5538  -1  -1
add_vehicle 487 908.6652 561.1357 6.4451 358.5669  -1  -1
add_vehicle 548 872.6907 565.5790 6.7387 349.3458  -1  -1
add_vehicle 400 1132.9672 210.7017 5.2460 3.4750 -1 -1
add_vehicle 469 1223.5762 167.5256 13.2371 270.4601  -1  -1
add_vehicle 544 1311.3190 -108.0429 5.6057 86.0190  -1  -1
add_vehicle 407 1306.4110 -133.9377 5.6914 181.4364  -1  -1
add_vehicle 427 1334.7324 -145.3072 5.9173 359.1659  -1  -1
add_vehicle 599 1334.4735 -166.7711 5.5389 0.8753 -1 -1
add_vehicle 597 1334.5908 -172.5467 5.5273 1.1297  36  -1
add_vehicle 400 1354.8737 -195.9849 5.7047 266.3229 -1 -1
add_vehicle 463 1402.3770 -294.1674 5.0831 187.7665 -1  -1
add_vehicle 463 1404.7906 -294.3807 5.0949 188.9078 -1  -1
add_vehicle 463 1409.2462 -293.9809 5.0796 188.6774 -1  -1
add_vehicle 581 1398.4453 -296.0272 5.1104 8.4558 -1  -1
add_vehicle 400 1130.7625 -1429.2568 5.7139 187.5243  -1  -1
add_vehicle 400 1130.3319 -1291.3325 5.5931 358.343  -1  -1
add_vehicle 400 947.3812 -1227.6342 5.9193 252.618  -1  -1
add_vehicle 438 997.4844 -745.3442 5.8780 314.815  -1  -1
add_vehicle 420 1003.1256 -755.5319 5.8889 59.292  -1  -1
add_vehicle 419 991.4435 -763.0327 5.8662 141.167  -1  -1
add_vehicle 400 964.7087 -630.4161 6.1622 269.3693 -1 -1
add_vehicle 400 948.2435 -630.2317 6.1598 269.3541 -1 -1
add_vehicle 400 740.7470 -943.6175 6.4630 269.6376  -1  -1
add_vehicle 400 741.5604 -885.7438 6.4733 356.9515  -1  -1
add_vehicle 400 903.8951 -618.6657 5.7133 150.5786 -1 -1
add_vehicle 400 892.5358 -880.1821 5.5940 271.1047 -1 -1
add_vehicle 400 900.4727 -880.0292 5.5943 271.1049 -1 -1
add_vehicle 400 911.8846 -879.8091 5.5941 271.1050 -1 -1
add_vehicle 400 1114.7762 -1660.6943 5.7684 41.5911 -1 -1
add_vehicle 490 1156.7238 -1626.3596 5.1998 288.2072 -1 -1
add_vehicle 597 1151.1007 -1613.8882 5.2156 7.3173 0 -1
add_vehicle 400 1144.7471 -1614.4592 5.2543 188.7554 -1 -1
add_vehicle 400 1136.8804 -1614.3754 5.2632 31.5582 -1 -1
add_vehicle 400 1856.5928 81.5796 0.3666 165.8479  -1  -1
add_vehicle 490 1859.9635 71.7045 0.6112 1.3504  -1  -1
add_vehicle 400 1959.9879 -13.9506 5.1800 179.5437  -1  -1
add_vehicle 400 1984.3662 -9.2558 5.2739 338.8854  -1  -1
add_vehicle 400 1995.7227 195.2629 13.3441 205.055  -1  -1
add_vehicle 400 1999.9557 194.9870 13.3562 206.3943 -1  -1
add_vehicle 400 1971.4081 153.3840 9.2019 102.5165  -1  -1
add_vehicle 400 2074.7581 131.3559 10.6034 269.9348  -1  -1
add_vehicle 400 2060.6270 133.0948 10.6377 116.6185  -1  -1
add_vehicle 400 2019.5281 166.6535 10.9503 63.6507  -1  -1
add_vehicle 400 1353.1270 -1462.2133 4.5688 118.8294  -1  -1
add_vehicle 400 1640.6136 -1481.6104 7.0210 151.6669  -1  -1
add_vehicle 400 1604.3875 -1483.6791 7.1141 174.2912  -1  -1
add_vehicle 400 1597.4526 -1483.4392 7.1227 333.5146  -1  -1
add_vehicle 487 1610.5664 -1521.6642 34.6794 186.5890  -1  -1
add_vehicle 400 1770.4305 -1371.2925 5.3448 223.3956  -1  -1
add_vehicle 400 1741.2189 -1321.6812 5.7437 324.9612  -1  -1
add_vehicle 400 1732.8412 -1250.7484 4.5102 341.9325  -1  -1
add_vehicle 400 1458.6154 -1258.3810 5.4253 85.7053 -1  -1
add_vehicle 400 1406.2722 -1269.8292 5.4676 312.618  -1  -1
add_vehicle 538 2288.87 -1285.71 24.372 0.00 -1 -1
add_vehicle 538 -50.38 1264.85 43.372 224.80 -1 -1
add_vehicle 400 1137.95 -923.92 39.625 313.40 -1 -1
add_vehicle 400 1139.40 -924.40 39.565 136.12 -1 -1
add_vehicle 520 390.16 -1051.03 8.998 177.99 -1 -1
add_vehicle 520 383.02 -1172.53 8.994 90.70 -1 -1
add_vehicle 432 368.61 -1049.08 8.995 176.75 -1 -1
add_vehicle 461 1403.23 -274.42 5.313 147.56 -1 -1
add_vehicle 425 275.76 -1201.64 9.035 347.43 -1 -1
add_vehicle 548  1529.59  312.08  75.836  175.84  -1  -1
add_vehicle 497  1385.47  -147.08  23.990  1.56  -1  -1
add_vehicle 487  1147.10  403.20  64.166  83.31  -1  -1